0.000000000000000000e+00 -2.029609629999999925e+03
2.000000000000000042e-02 -2.029610329999999976e+03
4.000000000000000083e-02 -2.029610310000000027e+03
5.999999999999999778e-02 -2.029610470000000078e+03
8.000000000000000167e-02 -2.029610140000000001e+03
1.000000000000000056e-01 -2.029608339999999998e+03
1.199999999999999956e-01 -2.029606449999999995e+03
1.400000000000000133e-01 -2.029600380000000087e+03
1.600000000000000033e-01 -2.029599750000000085e+03
1.799999999999999933e-01 -2.029599040000000059e+03
2.000000000000000111e-01 -2.029599179999999933e+03
2.200000000000000011e-01 -2.029599359999999933e+03
2.399999999999999911e-01 -2.029598660000000109e+03
2.600000000000000089e-01 -2.029598719999999958e+03
2.800000000000000266e-01 -2.029599279999999908e+03
2.999999999999999889e-01 -2.029598979999999983e+03
3.200000000000000067e-01 -2.029598729999999932e+03
3.400000000000000244e-01 -2.029598670000000084e+03
3.599999999999999867e-01 -2.029598510000000033e+03
3.800000000000000044e-01 -2.029598210000000108e+03
4.000000000000000222e-01 -2.029598060000000032e+03
4.199999999999999845e-01 -2.029598840000000109e+03
4.400000000000000022e-01 -2.029598240000000033e+03
4.600000000000000200e-01 -2.029597870000000057e+03
4.799999999999999822e-01 -2.029597459999999955e+03
5.000000000000000000e-01 -2.029597379999999930e+03
5.200000000000000178e-01 -2.029597999999999956e+03
5.400000000000000355e-01 -2.029598230000000058e+03
5.600000000000000533e-01 -2.029598150000000032e+03
5.799999999999999600e-01 -2.029598189999999931e+03
5.999999999999999778e-01 -2.029598169999999982e+03
6.199999999999999956e-01 -2.029598199999999906e+03
6.400000000000000133e-01 -2.029598109999999906e+03
6.600000000000000311e-01 -2.029598379999999906e+03
6.800000000000000488e-01 -2.029598889999999983e+03
6.999999999999999556e-01 -2.029598240000000033e+03
7.199999999999999734e-01 -2.029598009999999931e+03
7.399999999999999911e-01 -2.029597530000000006e+03
7.600000000000000089e-01 -2.029598199999999906e+03
7.800000000000000266e-01 -2.029598019999999906e+03
8.000000000000000444e-01 -2.029598019999999906e+03
8.199999999999999512e-01 -2.029598060000000032e+03
8.399999999999999689e-01 -2.029597670000000107e+03
8.599999999999999867e-01 -2.029597929999999906e+03
8.800000000000000044e-01 -2.029597379999999930e+03
9.000000000000000222e-01 -2.029597310000000107e+03
9.200000000000000400e-01 -2.029597780000000057e+03
9.399999999999999467e-01 -2.029597430000000031e+03
9.599999999999999645e-01 -2.029596980000000030e+03
9.799999999999999822e-01 -2.029597649999999931e+03
1.000000000000000000e+00 -2.029596960000000081e+03
1.020000000000000018e+00 -2.029597649999999931e+03
1.040000000000000036e+00 -2.029597260000000006e+03
1.060000000000000053e+00 -2.029597719999999981e+03
1.080000000000000071e+00 -2.029597250000000031e+03
1.100000000000000089e+00 -2.029597970000000032e+03
1.120000000000000107e+00 -2.029597800000000007e+03
1.139999999999999902e+00 -2.029598160000000007e+03
1.159999999999999920e+00 -2.029598320000000058e+03
1.179999999999999938e+00 -2.029597919999999931e+03
1.199999999999999956e+00 -2.029597999999999956e+03
1.219999999999999973e+00 -2.029597710000000006e+03
1.239999999999999991e+00 -2.029597289999999930e+03
1.260000000000000009e+00 -2.029597369999999955e+03
1.280000000000000027e+00 -2.029597749999999905e+03
1.300000000000000044e+00 -2.029598079999999982e+03
1.320000000000000062e+00 -2.029597299999999905e+03
1.340000000000000080e+00 -2.029597880000000032e+03
1.360000000000000098e+00 -2.029597989999999982e+03
1.379999999999999893e+00 -2.029597780000000057e+03
1.399999999999999911e+00 -2.029597620000000006e+03
1.419999999999999929e+00 -2.029597490000000107e+03
1.439999999999999947e+00 -2.029597719999999981e+03
1.459999999999999964e+00 -2.029597770000000082e+03
1.479999999999999982e+00 -2.029597250000000031e+03
1.500000000000000000e+00 -2.029597819999999956e+03
1.520000000000000018e+00 -2.029598079999999982e+03
1.540000000000000036e+00 -2.029597729999999956e+03
1.560000000000000053e+00 -2.029597340000000031e+03
1.580000000000000071e+00 -2.029597819999999956e+03
1.600000000000000089e+00 -2.029596960000000081e+03
1.620000000000000107e+00 -2.029596780000000081e+03
1.639999999999999902e+00 -2.029597260000000006e+03
1.659999999999999920e+00 -2.029596860000000106e+03
1.679999999999999938e+00 -2.029597289999999930e+03
1.699999999999999956e+00 -2.029597250000000031e+03
1.719999999999999973e+00 -2.029597600000000057e+03
1.739999999999999991e+00 -2.029596890000000030e+03
1.760000000000000009e+00 -2.029597639999999956e+03
1.780000000000000027e+00 -2.029597510000000057e+03
1.800000000000000044e+00 -2.029597109999999930e+03
1.820000000000000062e+00 -2.029597089999999980e+03
1.840000000000000080e+00 -2.029596520000000055e+03
1.860000000000000098e+00 -2.029596389999999928e+03
1.879999999999999893e+00 -2.029596939999999904e+03
1.899999999999999911e+00 -2.029597420000000056e+03
1.919999999999999929e+00 -2.029597019999999929e+03
1.939999999999999947e+00 -2.029597080000000005e+03
1.959999999999999964e+00 -2.029596459999999979e+03
1.979999999999999982e+00 -2.029596860000000106e+03
2.000000000000000000e+00 -2.029596870000000081e+03
2.020000000000000018e+00 -2.029596579999999904e+03
2.040000000000000036e+00 -2.029596610000000055e+03
2.060000000000000053e+00 -2.029596790000000055e+03
2.080000000000000071e+00 -2.029596839999999929e+03
2.100000000000000089e+00 -2.029596939999999904e+03
2.120000000000000107e+00 -2.029597009999999955e+03
2.140000000000000124e+00 -2.029597029999999904e+03
2.160000000000000142e+00 -2.029595900000000029e+03
2.180000000000000160e+00 -2.029596680000000106e+03
2.200000000000000178e+00 -2.029595720000000028e+03
2.220000000000000195e+00 -2.029596299999999928e+03
2.240000000000000213e+00 -2.029596080000000029e+03
2.259999999999999787e+00 -2.029596180000000004e+03
2.279999999999999805e+00 -2.029596289999999954e+03
2.299999999999999822e+00 -2.029595669999999927e+03
2.319999999999999840e+00 -2.029596000000000004e+03
2.339999999999999858e+00 -2.029595780000000104e+03
2.359999999999999876e+00 -2.029595810000000029e+03
2.379999999999999893e+00 -2.029595299999999952e+03
2.399999999999999911e+00 -2.029595299999999952e+03
2.419999999999999929e+00 -2.029595039999999926e+03
2.439999999999999947e+00 -2.029595190000000002e+03
2.459999999999999964e+00 -2.029594980000000078e+03
2.479999999999999982e+00 -2.029595460000000003e+03
2.500000000000000000e+00 -2.029595190000000002e+03
2.520000000000000018e+00 -2.029595530000000053e+03
2.540000000000000036e+00 -2.029595430000000079e+03
2.560000000000000053e+00 -2.029595240000000103e+03
2.580000000000000071e+00 -2.029594920000000002e+03
2.600000000000000089e+00 -2.029595309999999927e+03
2.620000000000000107e+00 -2.029595829999999978e+03
2.640000000000000124e+00 -2.029595150000000103e+03
2.660000000000000142e+00 -2.029594959999999901e+03
2.680000000000000160e+00 -2.029595309999999927e+03
2.700000000000000178e+00 -2.029595460000000003e+03
2.720000000000000195e+00 -2.029595229999999901e+03
2.740000000000000213e+00 -2.029594929999999977e+03
2.759999999999999787e+00 -2.029594900000000052e+03
2.779999999999999805e+00 -2.029594749999999976e+03
2.799999999999999822e+00 -2.029594869999999901e+03
2.819999999999999840e+00 -2.029594839999999976e+03
2.839999999999999858e+00 -2.029595700000000079e+03
2.859999999999999876e+00 -2.029595550000000003e+03
2.879999999999999893e+00 -2.029595170000000053e+03
2.899999999999999911e+00 -2.029595109999999977e+03
2.919999999999999929e+00 -2.029595399999999927e+03
2.939999999999999947e+00 -2.029595379999999977e+03
2.959999999999999964e+00 -2.029595309999999927e+03
2.979999999999999982e+00 -2.029595530000000053e+03
3.000000000000000000e+00 -2.029595659999999953e+03
3.020000000000000018e+00 -2.029595340000000078e+03
3.040000000000000036e+00 -2.029595090000000027e+03
3.060000000000000053e+00 -2.029594939999999951e+03
3.080000000000000071e+00 -2.029595440000000053e+03
3.100000000000000089e+00 -2.029594920000000002e+03
3.120000000000000107e+00 -2.029594589999999926e+03
3.140000000000000124e+00 -2.029595000000000027e+03
3.160000000000000142e+00 -2.029594630000000052e+03
3.180000000000000160e+00 -2.029594430000000102e+03
3.200000000000000178e+00 -2.029594740000000002e+03
3.220000000000000195e+00 -2.029594679999999926e+03
3.240000000000000213e+00 -2.029594920000000002e+03
3.259999999999999787e+00 -2.029594540000000052e+03
3.279999999999999805e+00 -2.029594920000000002e+03
3.299999999999999822e+00 -2.029594939999999951e+03
3.319999999999999840e+00 -2.029594589999999926e+03
3.339999999999999858e+00 -2.029594290000000001e+03
3.359999999999999876e+00 -2.029594560000000001e+03
3.379999999999999893e+00 -2.029594939999999951e+03
3.399999999999999911e+00 -2.029594190000000026e+03
3.419999999999999929e+00 -2.029594319999999925e+03
3.439999999999999947e+00 -2.029594270000000051e+03
3.459999999999999964e+00 -2.029594630000000052e+03
3.479999999999999982e+00 -2.029594299999999976e+03
3.500000000000000000e+00 -2.029594900000000052e+03
3.520000000000000018e+00 -2.029594409999999925e+03
3.540000000000000036e+00 -2.029594650000000001e+03
3.560000000000000053e+00 -2.029594970000000103e+03
3.580000000000000071e+00 -2.029595240000000103e+03
3.600000000000000089e+00 -2.029595209999999952e+03
3.620000000000000107e+00 -2.029594540000000052e+03
3.640000000000000124e+00 -2.029594679999999926e+03
3.660000000000000142e+00 -2.029595160000000078e+03
3.680000000000000160e+00 -2.029594319999999925e+03
3.700000000000000178e+00 -2.029594450000000052e+03
3.720000000000000195e+00 -2.029594630000000052e+03
3.740000000000000213e+00 -2.029593890000000101e+03
3.759999999999999787e+00 -2.029594280000000026e+03
3.779999999999999805e+00 -2.029594250000000102e+03
3.799999999999999822e+00 -2.029593669999999975e+03
3.819999999999999840e+00 -2.029594010000000026e+03
3.839999999999999858e+00 -2.029594399999999951e+03
3.859999999999999876e+00 -2.029594219999999950e+03
3.879999999999999893e+00 -2.029593949999999950e+03
3.899999999999999911e+00 -2.029594170000000076e+03
3.919999999999999929e+00 -2.029593779999999924e+03
3.939999999999999947e+00 -2.029593750000000000e+03
3.959999999999999964e+00 -2.029594409999999925e+03
3.979999999999999982e+00 -2.029594540000000052e+03
4.000000000000000000e+00 -2.029594070000000102e+03
4.019999999999999574e+00 -2.029593579999999974e+03
4.040000000000000036e+00 -2.029593740000000025e+03
4.059999999999999609e+00 -2.029594010000000026e+03
4.080000000000000071e+00 -2.029594239999999900e+03
4.099999999999999645e+00 -2.029593660000000000e+03
4.120000000000000107e+00 -2.029593550000000050e+03
4.139999999999999680e+00 -2.029594149999999900e+03
4.160000000000000142e+00 -2.029593429999999898e+03
4.179999999999999716e+00 -2.029594000000000051e+03
4.200000000000000178e+00 -2.029594569999999976e+03
4.219999999999999751e+00 -2.029594059999999899e+03
4.240000000000000213e+00 -2.029594239999999900e+03
4.259999999999999787e+00 -2.029594129999999950e+03
4.280000000000000249e+00 -2.029593630000000076e+03
4.299999999999999822e+00 -2.029593769999999950e+03
4.320000000000000284e+00 -2.029593100000000049e+03
4.339999999999999858e+00 -2.029593370000000050e+03
4.360000000000000320e+00 -2.029592920000000049e+03
4.379999999999999893e+00 -2.029592390000000023e+03
4.400000000000000355e+00 -2.029592979999999898e+03
4.419999999999999929e+00 -2.029592959999999948e+03
4.440000000000000391e+00 -2.029593609999999899e+03
4.459999999999999964e+00 -2.029593499999999949e+03
4.480000000000000426e+00 -2.029592740000000049e+03
4.500000000000000000e+00 -2.029592949999999973e+03
4.519999999999999574e+00 -2.029592699999999923e+03
4.540000000000000036e+00 -2.029593579999999974e+03
4.559999999999999609e+00 -2.029593489999999974e+03
4.580000000000000071e+00 -2.029593149999999923e+03
4.599999999999999645e+00 -2.029592640000000074e+03
4.620000000000000107e+00 -2.029593229999999949e+03
4.639999999999999680e+00 -2.029592429999999922e+03
4.660000000000000142e+00 -2.029593049999999948e+03
4.679999999999999716e+00 -2.029593589999999949e+03
4.700000000000000178e+00 -2.029592830000000049e+03
4.719999999999999751e+00 -2.029592720000000099e+03
4.740000000000000213e+00 -2.029592540000000099e+03
4.759999999999999787e+00 -2.029592979999999898e+03
4.780000000000000249e+00 -2.029592660000000024e+03
4.799999999999999822e+00 -2.029592560000000049e+03
4.820000000000000284e+00 -2.029592489999999998e+03
4.839999999999999858e+00 -2.029592969999999923e+03
4.860000000000000320e+00 -2.029592810000000100e+03
4.879999999999999893e+00 -2.029592789999999923e+03
4.900000000000000355e+00 -2.029591850000000022e+03
4.919999999999999929e+00 -2.029592419999999947e+03
4.940000000000000391e+00 -2.029592149999999947e+03
4.959999999999999964e+00 -2.029592889999999898e+03
4.980000000000000426e+00 -2.029592599999999948e+03
5.000000000000000000e+00 -2.029592329999999947e+03
5.019999999999999574e+00 -2.029592290000000048e+03
5.040000000000000036e+00 -2.029592529999999897e+03
5.059999999999999609e+00 -2.029592799999999897e+03
5.080000000000000071e+00 -2.029592990000000100e+03
5.099999999999999645e+00 -2.029592619999999897e+03
5.120000000000000107e+00 -2.029592759999999998e+03
5.139999999999999680e+00 -2.029592849999999999e+03
5.160000000000000142e+00 -2.029592290000000048e+03
5.179999999999999716e+00 -2.029592100000000073e+03
5.200000000000000178e+00 -2.029591820000000098e+03
5.219999999999999751e+00 -2.029591920000000073e+03
5.240000000000000213e+00 -2.029592689999999948e+03
5.259999999999999787e+00 -2.029592049999999972e+03
5.280000000000000249e+00 -2.029592789999999923e+03
5.299999999999999822e+00 -2.029592660000000024e+03
5.320000000000000284e+00 -2.029592519999999922e+03
5.339999999999999858e+00 -2.029592669999999998e+03
5.360000000000000320e+00 -2.029592759999999998e+03
5.379999999999999893e+00 -2.029592390000000023e+03
5.400000000000000355e+00 -2.029592660000000024e+03
5.419999999999999929e+00 -2.029592460000000074e+03
5.440000000000000391e+00 -2.029592030000000022e+03
5.459999999999999964e+00 -2.029592399999999998e+03
5.480000000000000426e+00 -2.029591949999999997e+03
5.500000000000000000e+00 -2.029591419999999971e+03
5.519999999999999574e+00 -2.029591940000000022e+03
5.540000000000000036e+00 -2.029592149999999947e+03
5.559999999999999609e+00 -2.029592229999999972e+03
5.580000000000000071e+00 -2.029591619999999921e+03
5.599999999999999645e+00 -2.029591169999999920e+03
5.620000000000000107e+00 -2.029592000000000098e+03
5.639999999999999680e+00 -2.029591439999999920e+03
5.660000000000000142e+00 -2.029591470000000072e+03
5.679999999999999716e+00 -2.029591220000000021e+03
5.700000000000000178e+00 -2.029591409999999996e+03
5.719999999999999751e+00 -2.029590969999999970e+03
5.740000000000000213e+00 -2.029591100000000097e+03
5.759999999999999787e+00 -2.029590869999999995e+03
5.780000000000000249e+00 -2.029590429999999969e+03
5.799999999999999822e+00 -2.029591200000000072e+03
5.820000000000000284e+00 -2.029591400000000021e+03
5.839999999999999858e+00 -2.029591570000000047e+03
5.860000000000000320e+00 -2.029591210000000046e+03
5.879999999999999893e+00 -2.029591220000000021e+03
5.900000000000000355e+00 -2.029591940000000022e+03
5.919999999999999929e+00 -2.029591319999999996e+03
5.940000000000000391e+00 -2.029591190000000097e+03
5.959999999999999964e+00 -2.029590989999999920e+03
5.980000000000000426e+00 -2.029590359999999919e+03
6.000000000000000000e+00 -2.029590490000000045e+03
6.019999999999999574e+00 -2.029590030000000070e+03
6.040000000000000036e+00 -2.029590200000000095e+03
6.059999999999999609e+00 -2.029590869999999995e+03
6.080000000000000071e+00 -2.029590429999999969e+03
6.099999999999999645e+00 -2.029589899999999943e+03
6.120000000000000107e+00 -2.029590130000000045e+03
6.139999999999999680e+00 -2.029590290000000095e+03
6.160000000000000142e+00 -2.029590779999999995e+03
6.179999999999999716e+00 -2.029589739999999892e+03
6.200000000000000178e+00 -2.029590009999999893e+03
6.219999999999999751e+00 -2.029589819999999918e+03
6.240000000000000213e+00 -2.029590220000000045e+03
6.259999999999999787e+00 -2.029589390000000094e+03
6.280000000000000249e+00 -2.029589829999999893e+03
6.299999999999999822e+00 -2.029590580000000045e+03
6.320000000000000284e+00 -2.029590390000000070e+03
6.339999999999999858e+00 -2.029590120000000070e+03
6.360000000000000320e+00 -2.029590189999999893e+03
6.379999999999999893e+00 -2.029589750000000095e+03
6.400000000000000355e+00 -2.029588619999999992e+03
6.419999999999999929e+00 -2.029589889999999968e+03
6.440000000000000391e+00 -2.029589780000000019e+03
6.459999999999999964e+00 -2.029590169999999944e+03
6.480000000000000426e+00 -2.029589629999999943e+03
6.500000000000000000e+00 -2.029590380000000096e+03
6.519999999999999574e+00 -2.029590359999999919e+03
6.540000000000000036e+00 -2.029589379999999892e+03
6.559999999999999609e+00 -2.029589600000000019e+03
6.580000000000000071e+00 -2.029589159999999993e+03
6.599999999999999645e+00 -2.029589600000000019e+03
6.620000000000000107e+00 -2.029589310000000069e+03
6.639999999999999680e+00 -2.029589660000000094e+03
6.660000000000000142e+00 -2.029590359999999919e+03
6.679999999999999716e+00 -2.029590220000000045e+03
6.700000000000000178e+00 -2.029590329999999994e+03
6.719999999999999751e+00 -2.029591020000000071e+03
6.740000000000000213e+00 -2.029590629999999919e+03
6.759999999999999787e+00 -2.029590680000000020e+03
6.780000000000000249e+00 -2.029590329999999994e+03
6.799999999999999822e+00 -2.029590369999999893e+03
6.820000000000000284e+00 -2.029590040000000045e+03
6.839999999999999858e+00 -2.029590239999999994e+03
6.860000000000000320e+00 -2.029590069999999969e+03
6.879999999999999893e+00 -2.029590140000000019e+03
6.900000000000000355e+00 -2.029590179999999918e+03
6.919999999999999929e+00 -2.029590339999999969e+03
6.940000000000000391e+00 -2.029589960000000019e+03
6.959999999999999964e+00 -2.029590140000000019e+03
6.980000000000000426e+00 -2.029590189999999893e+03
7.000000000000000000e+00 -2.029590279999999893e+03
7.019999999999999574e+00 -2.029590290000000095e+03
7.040000000000000036e+00 -2.029590609999999970e+03
7.059999999999999609e+00 -2.029590660000000071e+03
7.080000000000000071e+00 -2.029589979999999969e+03
7.099999999999999645e+00 -2.029589570000000094e+03
7.120000000000000107e+00 -2.029590279999999893e+03
7.139999999999999680e+00 -2.029590439999999944e+03
7.160000000000000142e+00 -2.029590079999999944e+03
7.179999999999999716e+00 -2.029589690000000019e+03
7.200000000000000178e+00 -2.029589770000000044e+03
7.219999999999999751e+00 -2.029589670000000069e+03
7.240000000000000213e+00 -2.029589390000000094e+03
7.259999999999999787e+00 -2.029589870000000019e+03
7.280000000000000249e+00 -2.029589850000000069e+03
7.299999999999999822e+00 -2.029589860000000044e+03
7.320000000000000284e+00 -2.029589349999999968e+03
7.339999999999999858e+00 -2.029589210000000094e+03
7.360000000000000320e+00 -2.029589050000000043e+03
7.379999999999999893e+00 -2.029589310000000069e+03
7.400000000000000355e+00 -2.029589639999999918e+03
7.419999999999999929e+00 -2.029589519999999993e+03
7.440000000000000391e+00 -2.029589199999999892e+03
7.459999999999999964e+00 -2.029588989999999967e+03
7.480000000000000426e+00 -2.029589429999999993e+03
7.500000000000000000e+00 -2.029590020000000095e+03
7.519999999999999574e+00 -2.029589850000000069e+03
7.540000000000000036e+00 -2.029589870000000019e+03
7.559999999999999609e+00 -2.029589950000000044e+03
7.580000000000000071e+00 -2.029589940000000070e+03
7.599999999999999645e+00 -2.029589619999999968e+03
7.620000000000000107e+00 -2.029589799999999968e+03
7.639999999999999680e+00 -2.029589310000000069e+03
7.660000000000000142e+00 -2.029589330000000018e+03
7.679999999999999716e+00 -2.029589359999999942e+03
7.700000000000000178e+00 -2.029589519999999993e+03
7.719999999999999751e+00 -2.029589590000000044e+03
7.740000000000000213e+00 -2.029589510000000018e+03
7.759999999999999787e+00 -2.029589169999999967e+03
7.780000000000000249e+00 -2.029589369999999917e+03
7.799999999999999822e+00 -2.029589799999999968e+03
7.820000000000000284e+00 -2.029589349999999968e+03
7.839999999999999858e+00 -2.029589549999999917e+03
7.860000000000000320e+00 -2.029589629999999943e+03
7.879999999999999893e+00 -2.029589400000000069e+03
7.900000000000000355e+00 -2.029589060000000018e+03
7.919999999999999929e+00 -2.029589449999999943e+03
7.940000000000000391e+00 -2.029589069999999992e+03
7.959999999999999964e+00 -2.029588979999999992e+03
7.980000000000000426e+00 -2.029589519999999993e+03
8.000000000000000000e+00 -2.029588629999999966e+03
8.019999999999999574e+00 -2.029589169999999967e+03
8.039999999999999147e+00 -2.029588999999999942e+03
8.060000000000000497e+00 -2.029589539999999943e+03
8.080000000000000071e+00 -2.029588940000000093e+03
8.099999999999999645e+00 -2.029588780000000042e+03
8.119999999999999218e+00 -2.029588539999999966e+03
8.140000000000000568e+00 -2.029588899999999967e+03
8.160000000000000142e+00 -2.029588549999999941e+03
8.179999999999999716e+00 -2.029588639999999941e+03
8.199999999999999289e+00 -2.029588899999999967e+03
8.220000000000000639e+00 -2.029589150000000018e+03
8.240000000000000213e+00 -2.029588449999999966e+03
8.259999999999999787e+00 -2.029588600000000042e+03
8.279999999999999361e+00 -2.029589109999999891e+03
8.300000000000000711e+00 -2.029589390000000094e+03
8.320000000000000284e+00 -2.029588690000000042e+03
8.339999999999999858e+00 -2.029588240000000042e+03
8.359999999999999432e+00 -2.029588639999999941e+03
8.380000000000000782e+00 -2.029588700000000017e+03
8.400000000000000355e+00 -2.029588240000000042e+03
8.419999999999999929e+00 -2.029589079999999967e+03
8.439999999999999503e+00 -2.029589069999999992e+03
8.460000000000000853e+00 -2.029589079999999967e+03
8.480000000000000426e+00 -2.029589159999999993e+03
8.500000000000000000e+00 -2.029589009999999917e+03
8.519999999999999574e+00 -2.029588839999999891e+03
8.539999999999999147e+00 -2.029588259999999991e+03
8.560000000000000497e+00 -2.029588089999999966e+03
8.580000000000000071e+00 -2.029589179999999942e+03
8.599999999999999645e+00 -2.029588430000000017e+03
8.619999999999999218e+00 -2.029588469999999916e+03
8.640000000000000568e+00 -2.029588809999999967e+03
8.660000000000000142e+00 -2.029589019999999891e+03
8.679999999999999716e+00 -2.029588880000000017e+03
8.699999999999999289e+00 -2.029588659999999891e+03
8.720000000000000639e+00 -2.029588880000000017e+03
8.740000000000000213e+00 -2.029588240000000042e+03
8.759999999999999787e+00 -2.029588269999999966e+03
8.779999999999999361e+00 -2.029588009999999940e+03
8.800000000000000711e+00 -2.029588539999999966e+03
8.820000000000000284e+00 -2.029588490000000093e+03
8.839999999999999858e+00 -2.029587459999999965e+03
8.859999999999999432e+00 -2.029587579999999889e+03
8.880000000000000782e+00 -2.029587970000000041e+03
8.900000000000000355e+00 -2.029587620000000015e+03
8.919999999999999929e+00 -2.029587019999999939e+03
8.939999999999999503e+00 -2.029586340000000064e+03
8.960000000000000853e+00 -2.029586409999999887e+03
8.980000000000000426e+00 -2.029585970000000088e+03
9.000000000000000000e+00 -2.029586289999999963e+03
9.019999999999999574e+00 -2.029586160000000064e+03
9.039999999999999147e+00 -2.029586319999999887e+03
9.060000000000000497e+00 -2.029585640000000012e+03
9.080000000000000071e+00 -2.029586029999999937e+03
9.099999999999999645e+00 -2.029586009999999987e+03
9.119999999999999218e+00 -2.029585959999999886e+03
9.140000000000000568e+00 -2.029586479999999938e+03
9.160000000000000142e+00 -2.029586759999999913e+03
9.179999999999999716e+00 -2.029586690000000090e+03
9.199999999999999289e+00 -2.029587080000000014e+03
9.220000000000000639e+00 -2.029586890000000039e+03
9.240000000000000213e+00 -2.029586440000000039e+03
9.259999999999999787e+00 -2.029586600000000089e+03
9.279999999999999361e+00 -2.029586510000000089e+03
9.300000000000000711e+00 -2.029586450000000013e+03
9.320000000000000284e+00 -2.029586379999999963e+03
9.339999999999999858e+00 -2.029586870000000090e+03
9.359999999999999432e+00 -2.029586119999999937e+03
9.380000000000000782e+00 -2.029586250000000064e+03
9.400000000000000355e+00 -2.029585649999999987e+03
9.419999999999999929e+00 -2.029585679999999911e+03
9.439999999999999503e+00 -2.029586469999999963e+03
9.460000000000000853e+00 -2.029586499999999887e+03
9.480000000000000426e+00 -2.029586250000000064e+03
9.500000000000000000e+00 -2.029585810000000038e+03
9.519999999999999574e+00 -2.029586649999999963e+03
9.539999999999999147e+00 -2.029586150000000089e+03
9.560000000000000497e+00 -2.029586549999999988e+03
9.580000000000000071e+00 -2.029586540000000014e+03
9.599999999999999645e+00 -2.029586610000000064e+03
9.619999999999999218e+00 -2.029586980000000040e+03
9.640000000000000568e+00 -2.029587530000000015e+03
9.660000000000000142e+00 -2.029586559999999963e+03
9.679999999999999716e+00 -2.029587469999999939e+03
9.699999999999999289e+00 -2.029587009999999964e+03
9.720000000000000639e+00 -2.029586859999999888e+03
9.740000000000000213e+00 -2.029587510000000066e+03
9.759999999999999787e+00 -2.029587579999999889e+03
9.779999999999999361e+00 -2.029588250000000016e+03
9.800000000000000711e+00 -2.029587569999999914e+03
9.820000000000000284e+00 -2.029587960000000066e+03
9.839999999999999858e+00 -2.029587860000000092e+03
9.859999999999999432e+00 -2.029587449999999990e+03
9.880000000000000782e+00 -2.029587520000000040e+03
9.900000000000000355e+00 -2.029588379999999916e+03
9.919999999999999929e+00 -2.029588089999999966e+03
9.939999999999999503e+00 -2.029587790000000041e+03
9.960000000000000853e+00 -2.029588169999999991e+03
9.980000000000000426e+00 -2.029588299999999890e+03
1.000000000000000000e+01 -2.029588199999999915e+03
1.001999999999999957e+01 -2.029588070000000016e+03
1.003999999999999915e+01 -2.029588729999999941e+03
1.006000000000000050e+01 -2.029588060000000041e+03
1.008000000000000007e+01 -2.029587389999999914e+03
1.009999999999999964e+01 -2.029588099999999940e+03
1.011999999999999922e+01 -2.029588250000000016e+03
1.014000000000000057e+01 -2.029587980000000016e+03
1.016000000000000014e+01 -2.029588179999999966e+03
1.017999999999999972e+01 -2.029588289999999915e+03
1.019999999999999929e+01 -2.029588250000000016e+03
1.022000000000000064e+01 -2.029588310000000092e+03
1.024000000000000021e+01 -2.029588220000000092e+03
1.025999999999999979e+01 -2.029588569999999891e+03
1.027999999999999936e+01 -2.029588580000000093e+03
1.030000000000000071e+01 -2.029588670000000093e+03
1.032000000000000028e+01 -2.029588749999999891e+03
1.033999999999999986e+01 -2.029588310000000092e+03
1.035999999999999943e+01 -2.029588340000000017e+03
1.038000000000000078e+01 -2.029588119999999890e+03
1.040000000000000036e+01 -2.029588220000000092e+03
1.041999999999999993e+01 -2.029587950000000092e+03
1.043999999999999950e+01 -2.029587690000000066e+03
1.046000000000000085e+01 -2.029587729999999965e+03
1.048000000000000043e+01 -2.029587680000000091e+03
1.050000000000000000e+01 -2.029587369999999964e+03
1.051999999999999957e+01 -2.029587389999999914e+03
1.053999999999999915e+01 -2.029587659999999914e+03
1.056000000000000050e+01 -2.029587500000000091e+03
1.058000000000000007e+01 -2.029587880000000041e+03
1.059999999999999964e+01 -2.029587209999999914e+03
1.061999999999999922e+01 -2.029587999999999965e+03
1.064000000000000057e+01 -2.029587829999999940e+03
1.066000000000000014e+01 -2.029587569999999914e+03
1.067999999999999972e+01 -2.029587669999999889e+03
1.069999999999999929e+01 -2.029587129999999888e+03
1.072000000000000064e+01 -2.029587399999999889e+03
1.074000000000000021e+01 -2.029587029999999913e+03
1.075999999999999979e+01 -2.029587430000000040e+03
1.077999999999999936e+01 -2.029586960000000090e+03
1.080000000000000071e+01 -2.029587230000000091e+03
1.082000000000000028e+01 -2.029586430000000064e+03
1.083999999999999986e+01 -2.029586690000000090e+03
1.085999999999999943e+01 -2.029587399999999889e+03
1.088000000000000078e+01 -2.029587399999999889e+03
1.090000000000000036e+01 -2.029587269999999990e+03
1.091999999999999993e+01 -2.029587330000000065e+03
1.093999999999999950e+01 -2.029587759999999889e+03
1.096000000000000085e+01 -2.029587459999999965e+03
1.098000000000000043e+01 -2.029586919999999964e+03
1.100000000000000000e+01 -2.029586649999999963e+03
1.101999999999999957e+01 -2.029587160000000040e+03
1.103999999999999915e+01 -2.029587950000000092e+03
1.106000000000000050e+01 -2.029587669999999889e+03
1.108000000000000007e+01 -2.029588520000000017e+03
1.109999999999999964e+01 -2.029588140000000067e+03
1.111999999999999922e+01 -2.029588330000000042e+03
1.114000000000000057e+01 -2.029588040000000092e+03
1.116000000000000014e+01 -2.029588320000000067e+03
1.117999999999999972e+01 -2.029588209999999890e+03
1.119999999999999929e+01 -2.029587989999999991e+03
1.122000000000000064e+01 -2.029588629999999966e+03
1.124000000000000021e+01 -2.029587860000000092e+03
1.125999999999999979e+01 -2.029588160000000016e+03
1.127999999999999936e+01 -2.029588479999999890e+03
1.130000000000000071e+01 -2.029588680000000068e+03
1.132000000000000028e+01 -2.029588449999999966e+03
1.133999999999999986e+01 -2.029588889999999992e+03
1.135999999999999943e+01 -2.029588400000000092e+03
1.138000000000000078e+01 -2.029588379999999916e+03
1.140000000000000036e+01 -2.029588369999999941e+03
1.141999999999999993e+01 -2.029588220000000092e+03
1.143999999999999950e+01 -2.029588770000000068e+03
1.146000000000000085e+01 -2.029588279999999941e+03
1.148000000000000043e+01 -2.029588529999999992e+03
1.150000000000000000e+01 -2.029588590000000067e+03
1.151999999999999957e+01 -2.029588430000000017e+03
1.153999999999999915e+01 -2.029588700000000017e+03
1.156000000000000050e+01 -2.029589030000000093e+03
1.158000000000000007e+01 -2.029588979999999992e+03
1.159999999999999964e+01 -2.029588889999999992e+03
1.161999999999999922e+01 -2.029588729999999941e+03
1.164000000000000057e+01 -2.029588580000000093e+03
1.166000000000000014e+01 -2.029588359999999966e+03
1.167999999999999972e+01 -2.029587890000000016e+03
1.169999999999999929e+01 -2.029589019999999891e+03
1.172000000000000064e+01 -2.029588169999999991e+03
1.174000000000000021e+01 -2.029587970000000041e+03
1.175999999999999979e+01 -2.029587790000000041e+03
1.177999999999999936e+01 -2.029588109999999915e+03
1.180000000000000071e+01 -2.029588130000000092e+03
1.182000000000000028e+01 -2.029587320000000091e+03
1.183999999999999986e+01 -2.029587359999999990e+03
1.185999999999999943e+01 -2.029586990000000014e+03
1.188000000000000078e+01 -2.029587479999999914e+03
1.190000000000000036e+01 -2.029587340000000040e+03
1.191999999999999993e+01 -2.029587860000000092e+03
1.193999999999999950e+01 -2.029587849999999889e+03
1.196000000000000085e+01 -2.029587189999999964e+03
1.198000000000000043e+01 -2.029586479999999938e+03
1.200000000000000000e+01 -2.029586909999999989e+03
1.201999999999999957e+01 -2.029587449999999990e+03
1.203999999999999915e+01 -2.029587340000000040e+03
1.206000000000000050e+01 -2.029587309999999889e+03
1.208000000000000007e+01 -2.029586749999999938e+03
1.209999999999999964e+01 -2.029586649999999963e+03
1.211999999999999922e+01 -2.029587070000000040e+03
1.214000000000000057e+01 -2.029586669999999913e+03
1.216000000000000014e+01 -2.029587140000000090e+03
1.217999999999999972e+01 -2.029587070000000040e+03
1.219999999999999929e+01 -2.029587209999999914e+03
1.222000000000000064e+01 -2.029586579999999913e+03
1.224000000000000021e+01 -2.029587219999999888e+03
1.225999999999999979e+01 -2.029587070000000040e+03
1.227999999999999936e+01 -2.029587269999999990e+03
1.230000000000000071e+01 -2.029586579999999913e+03
1.232000000000000028e+01 -2.029586430000000064e+03
1.233999999999999986e+01 -2.029587449999999990e+03
1.235999999999999943e+01 -2.029587800000000016e+03
1.238000000000000078e+01 -2.029587219999999888e+03
1.240000000000000036e+01 -2.029587309999999889e+03
1.241999999999999993e+01 -2.029587089999999989e+03
1.243999999999999950e+01 -2.029587479999999914e+03
1.246000000000000085e+01 -2.029587620000000015e+03
1.248000000000000043e+01 -2.029587870000000066e+03
1.250000000000000000e+01 -2.029587669999999889e+03
1.251999999999999957e+01 -2.029587950000000092e+03
1.253999999999999915e+01 -2.029587379999999939e+03
1.256000000000000050e+01 -2.029587539999999990e+03
1.258000000000000007e+01 -2.029587770000000091e+03
1.259999999999999964e+01 -2.029586880000000065e+03
1.261999999999999922e+01 -2.029587109999999939e+03
1.264000000000000057e+01 -2.029587350000000015e+03
1.266000000000000014e+01 -2.029587129999999888e+03
1.267999999999999972e+01 -2.029586489999999912e+03
1.269999999999999929e+01 -2.029586970000000065e+03
1.272000000000000064e+01 -2.029587050000000090e+03
1.274000000000000021e+01 -2.029587569999999914e+03
1.275999999999999979e+01 -2.029587440000000015e+03
1.277999999999999936e+01 -2.029587350000000015e+03
1.280000000000000071e+01 -2.029587449999999990e+03
1.282000000000000028e+01 -2.029587389999999914e+03
1.283999999999999986e+01 -2.029587260000000015e+03
1.285999999999999943e+01 -2.029587489999999889e+03
1.288000000000000078e+01 -2.029586939999999913e+03
1.290000000000000036e+01 -2.029586630000000014e+03
1.291999999999999993e+01 -2.029586669999999913e+03
1.293999999999999950e+01 -2.029586129999999912e+03
1.296000000000000085e+01 -2.029586949999999888e+03
1.298000000000000043e+01 -2.029587099999999964e+03
1.300000000000000000e+01 -2.029586690000000090e+03
1.301999999999999957e+01 -2.029586129999999912e+03
1.303999999999999915e+01 -2.029586729999999989e+03
1.306000000000000050e+01 -2.029587320000000091e+03
1.308000000000000007e+01 -2.029587070000000040e+03
1.309999999999999964e+01 -2.029587780000000066e+03
1.311999999999999922e+01 -2.029587939999999890e+03
1.314000000000000057e+01 -2.029587880000000041e+03
1.316000000000000014e+01 -2.029588099999999940e+03
1.317999999999999972e+01 -2.029587420000000066e+03
1.319999999999999929e+01 -2.029587729999999965e+03
1.322000000000000064e+01 -2.029587250000000040e+03
1.324000000000000021e+01 -2.029587379999999939e+03
1.325999999999999979e+01 -2.029586739999999963e+03
1.327999999999999936e+01 -2.029586150000000089e+03
1.330000000000000071e+01 -2.029586160000000064e+03
1.332000000000000028e+01 -2.029585700000000088e+03
1.333999999999999986e+01 -2.029586489999999912e+03
1.335999999999999943e+01 -2.029586399999999912e+03
1.338000000000000078e+01 -2.029586710000000039e+03
1.340000000000000036e+01 -2.029585970000000088e+03
1.341999999999999993e+01 -2.029585919999999987e+03
1.343999999999999950e+01 -2.029585810000000038e+03
1.346000000000000085e+01 -2.029585910000000013e+03
1.348000000000000043e+01 -2.029585620000000063e+03
1.350000000000000000e+01 -2.029586150000000089e+03
1.351999999999999957e+01 -2.029585970000000088e+03
1.353999999999999915e+01 -2.029586009999999987e+03
1.356000000000000050e+01 -2.029586029999999937e+03
1.358000000000000007e+01 -2.029585510000000113e+03
1.359999999999999964e+01 -2.029585170000000062e+03
1.361999999999999922e+01 -2.029585219999999936e+03
1.364000000000000057e+01 -2.029585299999999961e+03
1.366000000000000014e+01 -2.029585240000000113e+03
1.367999999999999972e+01 -2.029584689999999910e+03
1.369999999999999929e+01 -2.029583290000000034e+03
1.372000000000000064e+01 -2.029582660000000033e+03
1.374000000000000021e+01 -2.029583290000000034e+03
1.375999999999999979e+01 -2.029583170000000109e+03
1.377999999999999936e+01 -2.029582959999999957e+03
1.380000000000000071e+01 -2.029582460000000083e+03
1.382000000000000028e+01 -2.029582969999999932e+03
1.383999999999999986e+01 -2.029583219999999983e+03
1.385999999999999943e+01 -2.029581930000000057e+03
1.388000000000000078e+01 -2.029582560000000058e+03
1.390000000000000036e+01 -2.029582679999999982e+03
1.391999999999999993e+01 -2.029582249999999931e+03
1.393999999999999950e+01 -2.029582740000000058e+03
1.396000000000000085e+01 -2.029582020000000057e+03
1.398000000000000043e+01 -2.029582329999999956e+03
1.400000000000000000e+01 -2.029582750000000033e+03
1.401999999999999957e+01 -2.029581930000000057e+03
1.403999999999999915e+01 -2.029581719999999905e+03
1.406000000000000050e+01 -2.029582130000000006e+03
1.408000000000000007e+01 -2.029581879999999956e+03
1.409999999999999964e+01 -2.029581789999999955e+03
1.411999999999999922e+01 -2.029581400000000031e+03
1.414000000000000057e+01 -2.029581140000000005e+03
1.416000000000000014e+01 -2.029581089999999904e+03
1.417999999999999972e+01 -2.029581460000000106e+03
1.419999999999999929e+01 -2.029581339999999955e+03
1.422000000000000064e+01 -2.029582010000000082e+03
1.424000000000000021e+01 -2.029581989999999905e+03
1.425999999999999979e+01 -2.029581179999999904e+03
1.427999999999999936e+01 -2.029581590000000006e+03
1.430000000000000071e+01 -2.029581480000000056e+03
1.432000000000000028e+01 -2.029581370000000106e+03
1.433999999999999986e+01 -2.029581040000000030e+03
1.435999999999999943e+01 -2.029581500000000005e+03
1.438000000000000078e+01 -2.029581860000000006e+03
1.440000000000000036e+01 -2.029582270000000108e+03
1.441999999999999993e+01 -2.029581930000000057e+03
1.443999999999999950e+01 -2.029581689999999981e+03
1.446000000000000085e+01 -2.029581699999999955e+03
1.448000000000000043e+01 -2.029581860000000006e+03
1.450000000000000000e+01 -2.029581370000000106e+03
1.451999999999999957e+01 -2.029581140000000005e+03
1.453999999999999915e+01 -2.029581820000000107e+03
1.456000000000000050e+01 -2.029581770000000006e+03
1.458000000000000007e+01 -2.029582090000000107e+03
1.459999999999999964e+01 -2.029581840000000057e+03
1.461999999999999922e+01 -2.029581989999999905e+03
1.464000000000000057e+01 -2.029581889999999930e+03
1.466000000000000014e+01 -2.029582470000000058e+03
1.467999999999999972e+01 -2.029582259999999906e+03
1.469999999999999929e+01 -2.029582149999999956e+03
1.472000000000000064e+01 -2.029582699999999932e+03
1.474000000000000021e+01 -2.029582010000000082e+03
1.475999999999999979e+01 -2.029582560000000058e+03
1.477999999999999936e+01 -2.029582470000000058e+03
1.480000000000000071e+01 -2.029581969999999956e+03
1.482000000000000028e+01 -2.029581650000000081e+03
1.483999999999999986e+01 -2.029581910000000107e+03
1.485999999999999943e+01 -2.029581989999999905e+03
1.488000000000000078e+01 -2.029582310000000007e+03
1.490000000000000036e+01 -2.029582529999999906e+03
1.491999999999999993e+01 -2.029582190000000082e+03
1.493999999999999950e+01 -2.029582370000000083e+03
1.496000000000000085e+01 -2.029581820000000107e+03
1.498000000000000043e+01 -2.029582470000000058e+03
1.500000000000000000e+01 -2.029582200000000057e+03
1.501999999999999957e+01 -2.029582270000000108e+03
1.503999999999999915e+01 -2.029581619999999930e+03
1.506000000000000050e+01 -2.029581730000000107e+03
1.508000000000000007e+01 -2.029581570000000056e+03
1.509999999999999964e+01 -2.029581100000000106e+03
1.511999999999999922e+01 -2.029581899999999905e+03
1.514000000000000057e+01 -2.029581730000000107e+03
1.516000000000000014e+01 -2.029581040000000030e+03
1.517999999999999972e+01 -2.029580979999999954e+03
1.519999999999999929e+01 -2.029581059999999979e+03
1.522000000000000064e+01 -2.029581670000000031e+03
1.524000000000000021e+01 -2.029581889999999930e+03
1.525999999999999979e+01 -2.029581640000000107e+03
1.527999999999999936e+01 -2.029581560000000081e+03
1.530000000000000071e+01 -2.029581269999999904e+03
1.532000000000000028e+01 -2.029581290000000081e+03
1.533999999999999986e+01 -2.029581380000000081e+03
1.535999999999999943e+01 -2.029581259999999929e+03
1.538000000000000078e+01 -2.029581449999999904e+03
1.540000000000000036e+01 -2.029581259999999929e+03
1.541999999999999993e+01 -2.029581509999999980e+03
1.543999999999999950e+01 -2.029581470000000081e+03
1.546000000000000085e+01 -2.029581640000000107e+03
1.548000000000000043e+01 -2.029581320000000005e+03
1.550000000000000000e+01 -2.029581689999999981e+03
1.551999999999999957e+01 -2.029581539999999904e+03
1.553999999999999915e+01 -2.029581840000000057e+03
1.556000000000000050e+01 -2.029580780000000004e+03
1.558000000000000007e+01 -2.029580940000000055e+03
1.559999999999999964e+01 -2.029580969999999979e+03
1.561999999999999922e+01 -2.029581280000000106e+03
1.564000000000000057e+01 -2.029580380000000105e+03
1.566000000000000014e+01 -2.029580449999999928e+03
1.567999999999999972e+01 -2.029581040000000030e+03
1.569999999999999929e+01 -2.029580860000000030e+03
1.572000000000000064e+01 -2.029581159999999954e+03
1.574000000000000021e+01 -2.029580740000000105e+03
1.575999999999999979e+01 -2.029580969999999979e+03
1.577999999999999936e+01 -2.029580860000000030e+03
1.580000000000000071e+01 -2.029581259999999929e+03
1.582000000000000028e+01 -2.029581120000000055e+03
1.583999999999999986e+01 -2.029580789999999979e+03
1.585999999999999943e+01 -2.029581020000000080e+03
1.588000000000000078e+01 -2.029580729999999903e+03
1.590000000000000036e+01 -2.029579979999999978e+03
1.591999999999999993e+01 -2.029580490000000054e+03
1.593999999999999950e+01 -2.029581089999999904e+03
1.596000000000000085e+01 -2.029580799999999954e+03
1.598000000000000043e+01 -2.029580210000000079e+03
1.600000000000000000e+01 -2.029580629999999928e+03
1.601999999999999957e+01 -2.029579760000000078e+03
1.603999999999999915e+01 -2.029580230000000029e+03
1.605999999999999872e+01 -2.029580529999999953e+03
1.607999999999999829e+01 -2.029580619999999954e+03
1.610000000000000142e+01 -2.029580339999999978e+03
1.612000000000000099e+01 -2.029580470000000105e+03
1.614000000000000057e+01 -2.029580330000000004e+03
1.616000000000000014e+01 -2.029580899999999929e+03
1.617999999999999972e+01 -2.029580819999999903e+03
1.619999999999999929e+01 -2.029581120000000055e+03
1.621999999999999886e+01 -2.029580629999999928e+03
1.623999999999999844e+01 -2.029581059999999979e+03
1.626000000000000156e+01 -2.029580580000000054e+03
1.628000000000000114e+01 -2.029581329999999980e+03
1.630000000000000071e+01 -2.029580639999999903e+03
1.632000000000000028e+01 -2.029580480000000080e+03
1.633999999999999986e+01 -2.029580510000000004e+03
1.635999999999999943e+01 -2.029581020000000080e+03
1.637999999999999901e+01 -2.029581429999999955e+03
1.639999999999999858e+01 -2.029580459999999903e+03
1.642000000000000171e+01 -2.029581410000000005e+03
1.644000000000000128e+01 -2.029581400000000031e+03
1.646000000000000085e+01 -2.029581300000000056e+03
1.648000000000000043e+01 -2.029581249999999955e+03
1.650000000000000000e+01 -2.029581709999999930e+03
1.651999999999999957e+01 -2.029581490000000031e+03
1.653999999999999915e+01 -2.029581100000000106e+03
1.655999999999999872e+01 -2.029581300000000056e+03
1.657999999999999829e+01 -2.029581190000000106e+03
1.660000000000000142e+01 -2.029580950000000030e+03
1.662000000000000099e+01 -2.029580009999999902e+03
1.664000000000000057e+01 -2.029580570000000080e+03
1.666000000000000014e+01 -2.029580169999999953e+03
1.667999999999999972e+01 -2.029580060000000003e+03
1.669999999999999929e+01 -2.029580519999999979e+03
1.671999999999999886e+01 -2.029580650000000105e+03
1.673999999999999844e+01 -2.029581100000000106e+03
1.676000000000000156e+01 -2.029580920000000106e+03
1.678000000000000114e+01 -2.029580719999999928e+03
1.680000000000000071e+01 -2.029580560000000105e+03
1.682000000000000028e+01 -2.029580400000000054e+03
1.683999999999999986e+01 -2.029580780000000004e+03
1.685999999999999943e+01 -2.029581200000000081e+03
1.687999999999999901e+01 -2.029580850000000055e+03
1.689999999999999858e+01 -2.029580660000000080e+03
1.692000000000000171e+01 -2.029580639999999903e+03
1.694000000000000128e+01 -2.029580560000000105e+03
1.696000000000000085e+01 -2.029580210000000079e+03
1.698000000000000043e+01 -2.029580099999999902e+03
1.700000000000000000e+01 -2.029579979999999978e+03
1.701999999999999957e+01 -2.029580930000000080e+03
1.703999999999999915e+01 -2.029581930000000057e+03
1.705999999999999872e+01 -2.029581609999999955e+03
1.707999999999999829e+01 -2.029581010000000106e+03
1.710000000000000142e+01 -2.029582380000000057e+03
1.712000000000000099e+01 -2.029581730000000107e+03
1.714000000000000057e+01 -2.029581799999999930e+03
1.716000000000000014e+01 -2.029581989999999905e+03
1.717999999999999972e+01 -2.029581280000000106e+03
1.719999999999999929e+01 -2.029581300000000056e+03
1.721999999999999886e+01 -2.029581020000000080e+03
1.723999999999999844e+01 -2.029581959999999981e+03
1.726000000000000156e+01 -2.029581349999999929e+03
1.728000000000000114e+01 -2.029581120000000055e+03
1.730000000000000071e+01 -2.029580940000000055e+03
1.732000000000000028e+01 -2.029580660000000080e+03
1.733999999999999986e+01 -2.029580860000000030e+03
1.735999999999999943e+01 -2.029580870000000004e+03
1.737999999999999901e+01 -2.029580570000000080e+03
1.739999999999999858e+01 -2.029580629999999928e+03
1.742000000000000171e+01 -2.029580510000000004e+03
1.744000000000000128e+01 -2.029580009999999902e+03
1.746000000000000085e+01 -2.029580359999999928e+03
1.748000000000000043e+01 -2.029579750000000104e+03
1.750000000000000000e+01 -2.029580159999999978e+03
1.751999999999999957e+01 -2.029580020000000104e+03
1.753999999999999915e+01 -2.029580279999999902e+03
1.755999999999999872e+01 -2.029580310000000054e+03
1.757999999999999829e+01 -2.029580099999999902e+03
1.760000000000000142e+01 -2.029580089999999927e+03
1.762000000000000099e+01 -2.029579940000000079e+03
1.764000000000000057e+01 -2.029579870000000028e+03
1.766000000000000014e+01 -2.029579439999999977e+03
1.767999999999999972e+01 -2.029579739999999902e+03
1.769999999999999929e+01 -2.029579500000000053e+03
1.771999999999999886e+01 -2.029579060000000027e+03
1.773999999999999844e+01 -2.029579539999999952e+03
1.776000000000000156e+01 -2.029579870000000028e+03
1.778000000000000114e+01 -2.029579629999999952e+03
1.780000000000000071e+01 -2.029579359999999951e+03
1.782000000000000028e+01 -2.029578250000000025e+03
1.783999999999999986e+01 -2.029579050000000052e+03
1.785999999999999943e+01 -2.029579880000000003e+03
1.787999999999999901e+01 -2.029579860000000053e+03
1.789999999999999858e+01 -2.029579269999999951e+03
1.792000000000000171e+01 -2.029578649999999925e+03
1.794000000000000128e+01 -2.029578890000000001e+03
1.796000000000000085e+01 -2.029579320000000052e+03
1.798000000000000043e+01 -2.029578929999999900e+03
1.800000000000000000e+01 -2.029579009999999926e+03
1.801999999999999957e+01 -2.029578950000000077e+03
1.803999999999999915e+01 -2.029578379999999925e+03
1.805999999999999872e+01 -2.029579019999999900e+03
1.807999999999999829e+01 -2.029578510000000051e+03
1.810000000000000142e+01 -2.029578260000000000e+03
1.812000000000000099e+01 -2.029579109999999901e+03
1.814000000000000057e+01 -2.029579240000000027e+03
1.816000000000000014e+01 -2.029579510000000028e+03
1.817999999999999972e+01 -2.029579889999999978e+03
1.819999999999999929e+01 -2.029579629999999952e+03
1.821999999999999886e+01 -2.029579510000000028e+03
1.823999999999999844e+01 -2.029579770000000053e+03
1.826000000000000156e+01 -2.029580300000000079e+03
1.828000000000000114e+01 -2.029579520000000002e+03
1.830000000000000071e+01 -2.029580400000000054e+03
1.832000000000000028e+01 -2.029579899999999952e+03
1.833999999999999986e+01 -2.029580560000000105e+03
1.835999999999999943e+01 -2.029579909999999927e+03
1.837999999999999901e+01 -2.029579840000000104e+03
1.839999999999999858e+01 -2.029579780000000028e+03
1.842000000000000171e+01 -2.029579739999999902e+03
1.844000000000000128e+01 -2.029580050000000028e+03
1.846000000000000085e+01 -2.029579390000000103e+03
1.848000000000000043e+01 -2.029579570000000103e+03
1.850000000000000000e+01 -2.029579719999999952e+03
1.851999999999999957e+01 -2.029580110000000104e+03
1.853999999999999915e+01 -2.029579619999999977e+03
1.855999999999999872e+01 -2.029579469999999901e+03
1.857999999999999829e+01 -2.029579459999999926e+03
1.860000000000000142e+01 -2.029579130000000077e+03
1.862000000000000099e+01 -2.029579610000000002e+03
1.864000000000000057e+01 -2.029579300000000103e+03
1.866000000000000014e+01 -2.029579529999999977e+03
1.867999999999999972e+01 -2.029579030000000103e+03
1.869999999999999929e+01 -2.029579570000000103e+03
1.871999999999999886e+01 -2.029579760000000078e+03
1.873999999999999844e+01 -2.029579150000000027e+03
1.876000000000000156e+01 -2.029579390000000103e+03
1.878000000000000114e+01 -2.029579580000000078e+03
1.880000000000000071e+01 -2.029579349999999977e+03
1.882000000000000028e+01 -2.029578919999999925e+03
1.883999999999999986e+01 -2.029578449999999975e+03
1.885999999999999943e+01 -2.029578980000000001e+03
1.887999999999999901e+01 -2.029578590000000077e+03
1.889999999999999858e+01 -2.029578389999999899e+03
1.892000000000000171e+01 -2.029578469999999925e+03
1.894000000000000128e+01 -2.029578809999999976e+03
1.896000000000000085e+01 -2.029578919999999925e+03
1.898000000000000043e+01 -2.029578430000000026e+03
1.900000000000000000e+01 -2.029578440000000001e+03
1.901999999999999957e+01 -2.029578649999999925e+03
1.903999999999999915e+01 -2.029578770000000077e+03
1.905999999999999872e+01 -2.029578890000000001e+03
1.907999999999999829e+01 -2.029579179999999951e+03
1.910000000000000142e+01 -2.029578870000000052e+03
1.912000000000000099e+01 -2.029578749999999900e+03
1.914000000000000057e+01 -2.029578340000000026e+03
1.916000000000000014e+01 -2.029578919999999925e+03
1.917999999999999972e+01 -2.029578569999999900e+03
1.919999999999999929e+01 -2.029578610000000026e+03
1.921999999999999886e+01 -2.029578890000000001e+03
1.923999999999999844e+01 -2.029578610000000026e+03
1.926000000000000156e+01 -2.029578539999999975e+03
1.928000000000000114e+01 -2.029578440000000001e+03
1.930000000000000071e+01 -2.029578240000000051e+03
1.932000000000000028e+01 -2.029578089999999975e+03
1.933999999999999986e+01 -2.029578379999999925e+03
1.935999999999999943e+01 -2.029578449999999975e+03
1.937999999999999901e+01 -2.029578510000000051e+03
1.939999999999999858e+01 -2.029578469999999925e+03
1.942000000000000171e+01 -2.029578130000000101e+03
1.944000000000000128e+01 -2.029578790000000026e+03
1.946000000000000085e+01 -2.029578860000000077e+03
1.948000000000000043e+01 -2.029579400000000078e+03
1.950000000000000000e+01 -2.029579639999999927e+03
1.951999999999999957e+01 -2.029579600000000028e+03
1.953999999999999915e+01 -2.029578539999999975e+03
1.955999999999999872e+01 -2.029579480000000103e+03
1.957999999999999829e+01 -2.029579359999999951e+03
1.960000000000000142e+01 -2.029577950000000101e+03
1.962000000000000099e+01 -2.029578479999999900e+03
1.964000000000000057e+01 -2.029578130000000101e+03
1.966000000000000014e+01 -2.029578089999999975e+03
1.967999999999999972e+01 -2.029578790000000026e+03
1.969999999999999929e+01 -2.029579150000000027e+03
1.971999999999999886e+01 -2.029579259999999977e+03
1.973999999999999844e+01 -2.029579240000000027e+03
1.976000000000000156e+01 -2.029578729999999950e+03
1.978000000000000114e+01 -2.029579349999999977e+03
1.980000000000000071e+01 -2.029579680000000053e+03
1.982000000000000028e+01 -2.029579220000000078e+03
1.983999999999999986e+01 -2.029579210000000103e+03
1.985999999999999943e+01 -2.029578800000000001e+03
1.987999999999999901e+01 -2.029578670000000102e+03
1.989999999999999858e+01 -2.029579230000000052e+03
1.992000000000000171e+01 -2.029578639999999950e+03
1.994000000000000128e+01 -2.029578989999999976e+03
1.996000000000000085e+01 -2.029578760000000102e+03
1.998000000000000043e+01 -2.029578940000000102e+03
2.000000000000000000e+01 -2.029578440000000001e+03
2.001999999999999957e+01 -2.029578870000000052e+03
2.003999999999999915e+01 -2.029578330000000051e+03
2.005999999999999872e+01 -2.029578639999999950e+03
2.007999999999999829e+01 -2.029578430000000026e+03
2.010000000000000142e+01 -2.029578459999999950e+03
2.012000000000000099e+01 -2.029579320000000052e+03
2.014000000000000057e+01 -2.029578929999999900e+03
2.016000000000000014e+01 -2.029578320000000076e+03
2.017999999999999972e+01 -2.029578539999999975e+03
2.019999999999999929e+01 -2.029578899999999976e+03
2.021999999999999886e+01 -2.029579449999999952e+03
2.023999999999999844e+01 -2.029579130000000077e+03
2.026000000000000156e+01 -2.029578929999999900e+03
2.028000000000000114e+01 -2.029579490000000078e+03
2.030000000000000071e+01 -2.029578989999999976e+03
2.032000000000000028e+01 -2.029579819999999927e+03
2.033999999999999986e+01 -2.029580020000000104e+03
2.035999999999999943e+01 -2.029579709999999977e+03
2.037999999999999901e+01 -2.029579739999999902e+03
2.039999999999999858e+01 -2.029579989999999952e+03
2.042000000000000171e+01 -2.029580140000000029e+03
2.044000000000000128e+01 -2.029579410000000053e+03
2.046000000000000085e+01 -2.029579259999999977e+03
2.048000000000000043e+01 -2.029579799999999977e+03
2.050000000000000000e+01 -2.029580150000000003e+03
2.051999999999999957e+01 -2.029579340000000002e+03
2.053999999999999915e+01 -2.029579120000000103e+03
2.055999999999999872e+01 -2.029578829999999925e+03
2.057999999999999829e+01 -2.029579690000000028e+03
2.060000000000000142e+01 -2.029579549999999927e+03
2.062000000000000099e+01 -2.029579930000000104e+03
2.064000000000000057e+01 -2.029579330000000027e+03
2.066000000000000014e+01 -2.029579439999999977e+03
2.067999999999999972e+01 -2.029579310000000078e+03
2.069999999999999929e+01 -2.029579420000000027e+03
2.071999999999999886e+01 -2.029578899999999976e+03
2.073999999999999844e+01 -2.029580210000000079e+03
2.076000000000000156e+01 -2.029579729999999927e+03
2.078000000000000114e+01 -2.029579909999999927e+03
2.080000000000000071e+01 -2.029579809999999952e+03
2.082000000000000028e+01 -2.029580259999999953e+03
2.083999999999999986e+01 -2.029580600000000004e+03
2.085999999999999943e+01 -2.029580529999999953e+03
2.087999999999999901e+01 -2.029580349999999953e+03
2.089999999999999858e+01 -2.029580040000000054e+03
2.092000000000000171e+01 -2.029580420000000004e+03
2.094000000000000128e+01 -2.029579520000000002e+03
2.096000000000000085e+01 -2.029579909999999927e+03
2.098000000000000043e+01 -2.029579009999999926e+03
2.100000000000000000e+01 -2.029579230000000052e+03
2.101999999999999957e+01 -2.029580009999999902e+03
2.103999999999999915e+01 -2.029579580000000078e+03
2.105999999999999872e+01 -2.029579860000000053e+03
2.107999999999999829e+01 -2.029579410000000053e+03
2.110000000000000142e+01 -2.029579459999999926e+03
2.112000000000000099e+01 -2.029579169999999976e+03
2.114000000000000057e+01 -2.029579130000000077e+03
2.116000000000000014e+01 -2.029579040000000077e+03
2.117999999999999972e+01 -2.029578800000000001e+03
2.119999999999999929e+01 -2.029579240000000027e+03
2.121999999999999886e+01 -2.029579310000000078e+03
2.123999999999999844e+01 -2.029579050000000052e+03
2.126000000000000156e+01 -2.029579220000000078e+03
2.128000000000000114e+01 -2.029578469999999925e+03
2.130000000000000071e+01 -2.029578940000000102e+03
2.132000000000000028e+01 -2.029579520000000002e+03
2.133999999999999986e+01 -2.029578780000000052e+03
2.135999999999999943e+01 -2.029578760000000102e+03
2.137999999999999901e+01 -2.029579150000000027e+03
2.139999999999999858e+01 -2.029578250000000025e+03
2.142000000000000171e+01 -2.029578260000000000e+03
2.144000000000000128e+01 -2.029577880000000050e+03
2.146000000000000085e+01 -2.029578459999999950e+03
2.148000000000000043e+01 -2.029578430000000026e+03
2.150000000000000000e+01 -2.029578410000000076e+03
2.151999999999999957e+01 -2.029578310000000101e+03
2.153999999999999915e+01 -2.029578310000000101e+03
2.155999999999999872e+01 -2.029579019999999900e+03
2.157999999999999829e+01 -2.029578950000000077e+03
2.160000000000000142e+01 -2.029579330000000027e+03
2.162000000000000099e+01 -2.029578719999999976e+03
2.164000000000000057e+01 -2.029578870000000052e+03
2.166000000000000014e+01 -2.029579349999999977e+03
2.167999999999999972e+01 -2.029578790000000026e+03
2.169999999999999929e+01 -2.029579130000000077e+03
2.171999999999999886e+01 -2.029578340000000026e+03
2.173999999999999844e+01 -2.029579009999999926e+03
2.176000000000000156e+01 -2.029578870000000052e+03
2.178000000000000114e+01 -2.029578890000000001e+03
2.180000000000000071e+01 -2.029578880000000026e+03
2.182000000000000028e+01 -2.029579089999999951e+03
2.183999999999999986e+01 -2.029579179999999951e+03
2.185999999999999943e+01 -2.029579050000000052e+03
2.187999999999999901e+01 -2.029579430000000002e+03
2.189999999999999858e+01 -2.029579169999999976e+03
2.192000000000000171e+01 -2.029579379999999901e+03
2.194000000000000128e+01 -2.029579449999999952e+03
2.196000000000000085e+01 -2.029578989999999976e+03
2.198000000000000043e+01 -2.029579089999999951e+03
2.200000000000000000e+01 -2.029578590000000077e+03
2.201999999999999957e+01 -2.029579109999999901e+03
2.203999999999999915e+01 -2.029578809999999976e+03
2.205999999999999872e+01 -2.029578729999999950e+03
2.207999999999999829e+01 -2.029579619999999977e+03
2.210000000000000142e+01 -2.029579529999999977e+03
2.212000000000000099e+01 -2.029579520000000002e+03
2.214000000000000057e+01 -2.029578999999999951e+03
2.216000000000000014e+01 -2.029579559999999901e+03
2.217999999999999972e+01 -2.029579420000000027e+03
2.219999999999999929e+01 -2.029579189999999926e+03
2.221999999999999886e+01 -2.029578819999999951e+03
2.223999999999999844e+01 -2.029578760000000102e+03
2.226000000000000156e+01 -2.029579060000000027e+03
2.228000000000000114e+01 -2.029578800000000001e+03
2.230000000000000071e+01 -2.029579179999999951e+03
2.232000000000000028e+01 -2.029578220000000101e+03
2.233999999999999986e+01 -2.029579289999999901e+03
2.235999999999999943e+01 -2.029578410000000076e+03
2.237999999999999901e+01 -2.029578659999999900e+03
2.239999999999999858e+01 -2.029578590000000077e+03
2.242000000000000171e+01 -2.029578620000000001e+03
2.244000000000000128e+01 -2.029578240000000051e+03
2.246000000000000085e+01 -2.029578009999999949e+03
2.248000000000000043e+01 -2.029578670000000102e+03
2.250000000000000000e+01 -2.029578980000000001e+03
2.251999999999999957e+01 -2.029578469999999925e+03
2.253999999999999915e+01 -2.029578800000000001e+03
2.255999999999999872e+01 -2.029579220000000078e+03
2.257999999999999829e+01 -2.029579250000000002e+03
2.260000000000000142e+01 -2.029578800000000001e+03
2.262000000000000099e+01 -2.029577929999999924e+03
2.264000000000000057e+01 -2.029578040000000101e+03
2.266000000000000014e+01 -2.029578299999999899e+03
2.267999999999999972e+01 -2.029577629999999999e+03
2.269999999999999929e+01 -2.029577999999999975e+03
2.271999999999999886e+01 -2.029578629999999976e+03
2.273999999999999844e+01 -2.029578420000000051e+03
2.276000000000000156e+01 -2.029578440000000001e+03
2.278000000000000114e+01 -2.029578070000000025e+03
2.280000000000000071e+01 -2.029577970000000050e+03
2.282000000000000028e+01 -2.029577929999999924e+03
2.283999999999999986e+01 -2.029578140000000076e+03
2.285999999999999943e+01 -2.029578130000000101e+03
2.287999999999999901e+01 -2.029578240000000051e+03
2.289999999999999858e+01 -2.029578620000000001e+03
2.292000000000000171e+01 -2.029578430000000026e+03
2.294000000000000128e+01 -2.029578749999999900e+03
2.296000000000000085e+01 -2.029578340000000026e+03
2.298000000000000043e+01 -2.029578999999999951e+03
2.300000000000000000e+01 -2.029579279999999926e+03
2.301999999999999957e+01 -2.029577909999999974e+03
2.303999999999999915e+01 -2.029578400000000101e+03
2.305999999999999872e+01 -2.029577939999999899e+03
2.307999999999999829e+01 -2.029578850000000102e+03
2.310000000000000142e+01 -2.029578999999999951e+03
2.312000000000000099e+01 -2.029578940000000102e+03
2.314000000000000057e+01 -2.029578929999999900e+03
2.316000000000000014e+01 -2.029579439999999977e+03
2.317999999999999972e+01 -2.029579109999999901e+03
2.319999999999999929e+01 -2.029578909999999951e+03
2.321999999999999886e+01 -2.029579009999999926e+03
2.323999999999999844e+01 -2.029578739999999925e+03
2.326000000000000156e+01 -2.029579500000000053e+03
2.328000000000000114e+01 -2.029579130000000077e+03
2.330000000000000071e+01 -2.029578809999999976e+03
2.332000000000000028e+01 -2.029578490000000102e+03
2.333999999999999986e+01 -2.029578590000000077e+03
2.335999999999999943e+01 -2.029578209999999899e+03
2.337999999999999901e+01 -2.029578220000000101e+03
2.339999999999999858e+01 -2.029578590000000077e+03
2.342000000000000171e+01 -2.029579220000000078e+03
2.344000000000000128e+01 -2.029578780000000052e+03
2.346000000000000085e+01 -2.029578649999999925e+03
2.348000000000000043e+01 -2.029578909999999951e+03
2.350000000000000000e+01 -2.029579060000000027e+03
2.351999999999999957e+01 -2.029578649999999925e+03
2.353999999999999915e+01 -2.029578590000000077e+03
2.355999999999999872e+01 -2.029578479999999900e+03
2.357999999999999829e+01 -2.029578230000000076e+03
2.360000000000000142e+01 -2.029578379999999925e+03
2.362000000000000099e+01 -2.029578440000000001e+03
2.364000000000000057e+01 -2.029578310000000101e+03
2.366000000000000014e+01 -2.029578649999999925e+03
2.367999999999999972e+01 -2.029578559999999925e+03
2.369999999999999929e+01 -2.029577939999999899e+03
2.371999999999999886e+01 -2.029578449999999975e+03
2.373999999999999844e+01 -2.029578040000000101e+03
2.376000000000000156e+01 -2.029578340000000026e+03
2.378000000000000114e+01 -2.029578539999999975e+03
2.380000000000000071e+01 -2.029577870000000075e+03
2.382000000000000028e+01 -2.029577520000000050e+03
2.383999999999999986e+01 -2.029577919999999949e+03
2.385999999999999943e+01 -2.029577530000000024e+03
2.387999999999999901e+01 -2.029578050000000076e+03
2.389999999999999858e+01 -2.029577999999999975e+03
2.392000000000000171e+01 -2.029578320000000076e+03
2.394000000000000128e+01 -2.029577639999999974e+03
2.396000000000000085e+01 -2.029577539999999999e+03
2.398000000000000043e+01 -2.029578089999999975e+03
2.400000000000000000e+01 -2.029578220000000101e+03
2.401999999999999957e+01 -2.029577809999999999e+03
2.403999999999999915e+01 -2.029577510000000075e+03
2.405999999999999872e+01 -2.029578189999999950e+03
2.407999999999999829e+01 -2.029577870000000075e+03
2.410000000000000142e+01 -2.029577690000000075e+03
2.412000000000000099e+01 -2.029577579999999898e+03
2.414000000000000057e+01 -2.029577770000000100e+03
2.416000000000000014e+01 -2.029577379999999948e+03
2.417999999999999972e+01 -2.029577739999999949e+03
2.419999999999999929e+01 -2.029577140000000099e+03
2.421999999999999886e+01 -2.029577170000000024e+03
2.423999999999999844e+01 -2.029577950000000101e+03
2.426000000000000156e+01 -2.029577909999999974e+03
2.428000000000000114e+01 -2.029577600000000075e+03
2.430000000000000071e+01 -2.029577739999999949e+03
2.432000000000000028e+01 -2.029577749999999924e+03
2.433999999999999986e+01 -2.029578119999999899e+03
2.435999999999999943e+01 -2.029577990000000000e+03
2.437999999999999901e+01 -2.029577919999999949e+03
2.439999999999999858e+01 -2.029577410000000100e+03
2.442000000000000171e+01 -2.029576999999999998e+03
2.444000000000000128e+01 -2.029577549999999974e+03
2.446000000000000085e+01 -2.029577109999999948e+03
2.448000000000000043e+01 -2.029577719999999999e+03
2.450000000000000000e+01 -2.029576790000000074e+03
2.451999999999999957e+01 -2.029576999999999998e+03
2.453999999999999915e+01 -2.029577719999999999e+03
2.455999999999999872e+01 -2.029577489999999898e+03
2.457999999999999829e+01 -2.029577150000000074e+03
2.460000000000000142e+01 -2.029576870000000099e+03
2.462000000000000099e+01 -2.029577780000000075e+03
2.464000000000000057e+01 -2.029576909999999998e+03
2.466000000000000014e+01 -2.029577309999999898e+03
2.467999999999999972e+01 -2.029576949999999897e+03
2.469999999999999929e+01 -2.029577250000000049e+03
2.471999999999999886e+01 -2.029577119999999923e+03
2.473999999999999844e+01 -2.029576720000000023e+03
2.476000000000000156e+01 -2.029576990000000023e+03
2.478000000000000114e+01 -2.029577009999999973e+03
2.480000000000000071e+01 -2.029577230000000100e+03
2.482000000000000028e+01 -2.029577209999999923e+03
2.483999999999999986e+01 -2.029577330000000075e+03
2.485999999999999943e+01 -2.029576980000000049e+03
2.487999999999999901e+01 -2.029576720000000023e+03
2.489999999999999858e+01 -2.029575790000000097e+03
2.492000000000000171e+01 -2.029576479999999947e+03
2.494000000000000128e+01 -2.029575839999999971e+03
2.496000000000000085e+01 -2.029576019999999971e+03
2.498000000000000043e+01 -2.029576499999999896e+03
2.500000000000000000e+01 -2.029576549999999997e+03
2.501999999999999957e+01 -2.029577109999999948e+03
2.503999999999999915e+01 -2.029576409999999896e+03
2.505999999999999872e+01 -2.029576739999999972e+03
2.507999999999999829e+01 -2.029576999999999998e+03
2.510000000000000142e+01 -2.029576990000000023e+03
2.512000000000000099e+01 -2.029576909999999998e+03
2.514000000000000057e+01 -2.029576739999999972e+03
2.516000000000000014e+01 -2.029576389999999947e+03
2.517999999999999972e+01 -2.029576209999999946e+03
2.519999999999999929e+01 -2.029573990000000094e+03
2.521999999999999886e+01 -2.029567520000000059e+03
2.523999999999999844e+01 -2.029566510000000108e+03
2.526000000000000156e+01 -2.029566499999999905e+03
2.528000000000000114e+01 -2.029566810000000032e+03
2.530000000000000071e+01 -2.029567070000000058e+03
2.532000000000000028e+01 -2.029566559999999981e+03
2.533999999999999986e+01 -2.029566929999999957e+03
2.535999999999999943e+01 -2.029566559999999981e+03
2.537999999999999901e+01 -2.029566430000000082e+03
2.539999999999999858e+01 -2.029566870000000108e+03
2.542000000000000171e+01 -2.029566730000000007e+03
2.544000000000000128e+01 -2.029566119999999955e+03
2.546000000000000085e+01 -2.029566900000000032e+03
2.548000000000000043e+01 -2.029567000000000007e+03
2.550000000000000000e+01 -2.029566370000000006e+03
2.551999999999999957e+01 -2.029566520000000082e+03
2.553999999999999915e+01 -2.029566820000000007e+03
2.555999999999999872e+01 -2.029567090000000007e+03
2.557999999999999829e+01 -2.029567399999999907e+03
2.560000000000000142e+01 -2.029566820000000007e+03
2.562000000000000099e+01 -2.029567150000000083e+03
2.564000000000000057e+01 -2.029567240000000083e+03
2.566000000000000014e+01 -2.029567070000000058e+03
2.567999999999999972e+01 -2.029567039999999906e+03
2.569999999999999929e+01 -2.029566370000000006e+03
2.571999999999999886e+01 -2.029566780000000108e+03
2.573999999999999844e+01 -2.029567019999999957e+03
2.576000000000000156e+01 -2.029567330000000084e+03
2.578000000000000114e+01 -2.029567399999999907e+03
2.580000000000000071e+01 -2.029566769999999906e+03
2.582000000000000028e+01 -2.029566430000000082e+03
2.583999999999999986e+01 -2.029566610000000082e+03
2.585999999999999943e+01 -2.029566720000000032e+03
2.587999999999999901e+01 -2.029566080000000056e+03
2.589999999999999858e+01 -2.029566370000000006e+03
2.592000000000000171e+01 -2.029565929999999980e+03
2.594000000000000128e+01 -2.029566109999999981e+03
2.596000000000000085e+01 -2.029565890000000081e+03
2.598000000000000043e+01 -2.029566440000000057e+03
2.600000000000000000e+01 -2.029566280000000006e+03
2.601999999999999957e+01 -2.029566010000000006e+03
2.603999999999999915e+01 -2.029566890000000058e+03
2.605999999999999872e+01 -2.029566430000000082e+03
2.607999999999999829e+01 -2.029565620000000081e+03
2.610000000000000142e+01 -2.029565499999999929e+03
2.612000000000000099e+01 -2.029565319999999929e+03
2.614000000000000057e+01 -2.029565630000000056e+03
2.616000000000000014e+01 -2.029565080000000080e+03
2.617999999999999972e+01 -2.029565839999999980e+03
2.619999999999999929e+01 -2.029565990000000056e+03
2.621999999999999886e+01 -2.029565790000000106e+03
2.623999999999999844e+01 -2.029566139999999905e+03
2.626000000000000156e+01 -2.029566219999999930e+03
2.628000000000000114e+01 -2.029566420000000107e+03
2.630000000000000071e+01 -2.029565849999999955e+03
2.632000000000000028e+01 -2.029565239999999903e+03
2.633999999999999986e+01 -2.029566190000000006e+03
2.635999999999999943e+01 -2.029565920000000006e+03
2.637999999999999901e+01 -2.029566499999999905e+03
2.639999999999999858e+01 -2.029566049999999905e+03
2.642000000000000171e+01 -2.029566389999999956e+03
2.644000000000000128e+01 -2.029565849999999955e+03
2.646000000000000085e+01 -2.029566229999999905e+03
2.648000000000000043e+01 -2.029566489999999931e+03
2.650000000000000000e+01 -2.029566199999999981e+03
2.651999999999999957e+01 -2.029565720000000056e+03
2.653999999999999915e+01 -2.029565939999999955e+03
2.655999999999999872e+01 -2.029566070000000082e+03
2.657999999999999829e+01 -2.029566000000000031e+03
2.660000000000000142e+01 -2.029566720000000032e+03
2.662000000000000099e+01 -2.029566659999999956e+03
2.664000000000000057e+01 -2.029566659999999956e+03
2.666000000000000014e+01 -2.029566690000000108e+03
2.667999999999999972e+01 -2.029566180000000031e+03
2.669999999999999929e+01 -2.029566409999999905e+03
2.671999999999999886e+01 -2.029566240000000107e+03
2.673999999999999844e+01 -2.029566510000000108e+03
2.676000000000000156e+01 -2.029566029999999955e+03
2.678000000000000114e+01 -2.029566679999999906e+03
2.680000000000000071e+01 -2.029565550000000030e+03
2.682000000000000028e+01 -2.029565119999999979e+03
2.683999999999999986e+01 -2.029565589999999929e+03
2.685999999999999943e+01 -2.029564910000000054e+03
2.687999999999999901e+01 -2.029565280000000030e+03
2.689999999999999858e+01 -2.029565399999999954e+03
2.692000000000000171e+01 -2.029565370000000030e+03
2.694000000000000128e+01 -2.029565219999999954e+03
2.696000000000000085e+01 -2.029565610000000106e+03
2.698000000000000043e+01 -2.029565180000000055e+03
2.700000000000000000e+01 -2.029565000000000055e+03
2.701999999999999957e+01 -2.029564879999999903e+03
2.703999999999999915e+01 -2.029565280000000030e+03
2.705999999999999872e+01 -2.029564730000000054e+03
2.707999999999999829e+01 -2.029564530000000104e+03
2.710000000000000142e+01 -2.029564219999999978e+03
2.712000000000000099e+01 -2.029564249999999902e+03
2.714000000000000057e+01 -2.029564599999999928e+03
2.716000000000000014e+01 -2.029564759999999978e+03
2.717999999999999972e+01 -2.029564270000000079e+03
2.719999999999999929e+01 -2.029563769999999977e+03
2.721999999999999886e+01 -2.029563750000000027e+03
2.723999999999999844e+01 -2.029563959999999952e+03
2.726000000000000156e+01 -2.029564699999999903e+03
2.728000000000000114e+01 -2.029564399999999978e+03
2.730000000000000071e+01 -2.029564540000000079e+03
2.732000000000000028e+01 -2.029565270000000055e+03
2.733999999999999986e+01 -2.029564830000000029e+03
2.735999999999999943e+01 -2.029564869999999928e+03
2.737999999999999901e+01 -2.029565029999999979e+03
2.739999999999999858e+01 -2.029565540000000055e+03
2.742000000000000171e+01 -2.029565720000000056e+03
2.744000000000000128e+01 -2.029565250000000106e+03
2.746000000000000085e+01 -2.029565409999999929e+03
2.748000000000000043e+01 -2.029565170000000080e+03
2.750000000000000000e+01 -2.029565290000000005e+03
2.751999999999999957e+01 -2.029565499999999929e+03
2.753999999999999915e+01 -2.029565319999999929e+03
2.755999999999999872e+01 -2.029565399999999954e+03
2.757999999999999829e+01 -2.029565280000000030e+03
2.760000000000000142e+01 -2.029564789999999903e+03
2.762000000000000099e+01 -2.029564740000000029e+03
2.764000000000000057e+01 -2.029564750000000004e+03
2.766000000000000014e+01 -2.029565139999999928e+03
2.767999999999999972e+01 -2.029564730000000054e+03
2.769999999999999929e+01 -2.029563709999999901e+03
2.771999999999999886e+01 -2.029564689999999928e+03
2.773999999999999844e+01 -2.029564959999999928e+03
2.776000000000000156e+01 -2.029564859999999953e+03
2.778000000000000114e+01 -2.029564509999999927e+03
2.780000000000000071e+01 -2.029564689999999928e+03
2.782000000000000028e+01 -2.029564519999999902e+03
2.783999999999999986e+01 -2.029564010000000053e+03
2.785999999999999943e+01 -2.029564560000000029e+03
2.787999999999999901e+01 -2.029564570000000003e+03
2.789999999999999858e+01 -2.029564039999999977e+03
2.792000000000000171e+01 -2.029564069999999901e+03
2.794000000000000128e+01 -2.029563990000000103e+03
2.796000000000000085e+01 -2.029564280000000053e+03
2.798000000000000043e+01 -2.029564190000000053e+03
2.800000000000000000e+01 -2.029563930000000028e+03
2.801999999999999957e+01 -2.029564129999999977e+03
2.803999999999999915e+01 -2.029564339999999902e+03
2.805999999999999872e+01 -2.029563480000000027e+03
2.807999999999999829e+01 -2.029564069999999901e+03
2.810000000000000142e+01 -2.029564149999999927e+03
2.812000000000000099e+01 -2.029564309999999978e+03
2.814000000000000057e+01 -2.029564480000000003e+03
2.816000000000000014e+01 -2.029564200000000028e+03
2.817999999999999972e+01 -2.029563820000000078e+03
2.819999999999999929e+01 -2.029564640000000054e+03
2.821999999999999886e+01 -2.029564229999999952e+03
2.823999999999999844e+01 -2.029564380000000028e+03
2.826000000000000156e+01 -2.029564419999999927e+03
2.828000000000000114e+01 -2.029564200000000028e+03
2.830000000000000071e+01 -2.029564229999999952e+03
2.832000000000000028e+01 -2.029564249999999902e+03
2.833999999999999986e+01 -2.029564589999999953e+03
2.835999999999999943e+01 -2.029564249999999902e+03
2.837999999999999901e+01 -2.029564399999999978e+03
2.839999999999999858e+01 -2.029563599999999951e+03
2.842000000000000171e+01 -2.029564550000000054e+03
2.844000000000000128e+01 -2.029564409999999953e+03
2.846000000000000085e+01 -2.029564419999999927e+03
2.848000000000000043e+01 -2.029564820000000054e+03
2.850000000000000000e+01 -2.029564249999999902e+03
2.851999999999999957e+01 -2.029564090000000078e+03
2.853999999999999915e+01 -2.029564360000000079e+03
2.855999999999999872e+01 -2.029564740000000029e+03
2.857999999999999829e+01 -2.029564750000000004e+03
2.860000000000000142e+01 -2.029565329999999904e+03
2.862000000000000099e+01 -2.029564249999999902e+03
2.864000000000000057e+01 -2.029564080000000104e+03
2.866000000000000014e+01 -2.029564239999999927e+03
2.867999999999999972e+01 -2.029564840000000004e+03
2.869999999999999929e+01 -2.029564049999999952e+03
2.871999999999999886e+01 -2.029563789999999926e+03
2.873999999999999844e+01 -2.029563540000000103e+03
2.876000000000000156e+01 -2.029564509999999927e+03
2.878000000000000114e+01 -2.029564990000000080e+03
2.880000000000000071e+01 -2.029564399999999978e+03
2.882000000000000028e+01 -2.029564920000000029e+03
2.883999999999999986e+01 -2.029564640000000054e+03
2.885999999999999943e+01 -2.029564429999999902e+03
2.887999999999999901e+01 -2.029565129999999954e+03
2.889999999999999858e+01 -2.029564550000000054e+03
2.892000000000000171e+01 -2.029564660000000003e+03
2.894000000000000128e+01 -2.029564239999999927e+03
2.896000000000000085e+01 -2.029564090000000078e+03
2.898000000000000043e+01 -2.029563820000000078e+03
2.900000000000000000e+01 -2.029564110000000028e+03
2.901999999999999957e+01 -2.029564100000000053e+03
2.903999999999999915e+01 -2.029563779999999952e+03
2.905999999999999872e+01 -2.029563889999999901e+03
2.907999999999999829e+01 -2.029563609999999926e+03
2.910000000000000142e+01 -2.029563959999999952e+03
2.912000000000000099e+01 -2.029563859999999977e+03
2.914000000000000057e+01 -2.029564300000000003e+03
2.916000000000000014e+01 -2.029563869999999952e+03
2.917999999999999972e+01 -2.029564319999999952e+03
2.919999999999999929e+01 -2.029564570000000003e+03
2.921999999999999886e+01 -2.029563779999999952e+03
2.923999999999999844e+01 -2.029563920000000053e+03
2.926000000000000156e+01 -2.029563570000000027e+03
2.928000000000000114e+01 -2.029564170000000104e+03
2.930000000000000071e+01 -2.029563979999999901e+03
2.932000000000000028e+01 -2.029564339999999902e+03
2.933999999999999986e+01 -2.029563779999999952e+03
2.935999999999999943e+01 -2.029564090000000078e+03
2.937999999999999901e+01 -2.029564270000000079e+03
2.939999999999999858e+01 -2.029563630000000103e+03
2.942000000000000171e+01 -2.029563670000000002e+03
2.944000000000000128e+01 -2.029563910000000078e+03
2.946000000000000085e+01 -2.029563779999999952e+03
2.948000000000000043e+01 -2.029563949999999977e+03
2.950000000000000000e+01 -2.029563270000000102e+03
2.951999999999999957e+01 -2.029563069999999925e+03
2.953999999999999915e+01 -2.029563640000000078e+03
2.955999999999999872e+01 -2.029563110000000052e+03
2.957999999999999829e+01 -2.029563149999999951e+03
2.960000000000000142e+01 -2.029563460000000077e+03
2.962000000000000099e+01 -2.029562850000000026e+03
2.964000000000000057e+01 -2.029563329999999951e+03
2.966000000000000014e+01 -2.029563640000000078e+03
2.967999999999999972e+01 -2.029563259999999900e+03
2.969999999999999929e+01 -2.029563249999999925e+03
2.971999999999999886e+01 -2.029562940000000026e+03
2.973999999999999844e+01 -2.029563609999999926e+03
2.976000000000000156e+01 -2.029563619999999901e+03
2.978000000000000114e+01 -2.029563409999999976e+03
2.980000000000000071e+01 -2.029563879999999926e+03
2.982000000000000028e+01 -2.029563540000000103e+03
2.983999999999999986e+01 -2.029563010000000077e+03
2.985999999999999943e+01 -2.029563049999999976e+03
2.987999999999999901e+01 -2.029562869999999975e+03
2.989999999999999858e+01 -2.029563159999999925e+03
2.992000000000000171e+01 -2.029563310000000001e+03
2.994000000000000128e+01 -2.029563030000000026e+03
2.996000000000000085e+01 -2.029563010000000077e+03
2.998000000000000043e+01 -2.029562840000000051e+03
3.000000000000000000e+01 -2.029562730000000101e+03
3.001999999999999957e+01 -2.029563480000000027e+03
3.003999999999999915e+01 -2.029562979999999925e+03
3.005999999999999872e+01 -2.029563859999999977e+03
3.007999999999999829e+01 -2.029563869999999952e+03
3.010000000000000142e+01 -2.029563699999999926e+03
3.012000000000000099e+01 -2.029563519999999926e+03
3.014000000000000057e+01 -2.029564380000000028e+03
3.016000000000000014e+01 -2.029563769999999977e+03
3.017999999999999972e+01 -2.029563879999999926e+03
3.019999999999999929e+01 -2.029563609999999926e+03
3.021999999999999886e+01 -2.029563660000000027e+03
3.023999999999999844e+01 -2.029563499999999976e+03
3.026000000000000156e+01 -2.029563200000000052e+03
3.028000000000000114e+01 -2.029563290000000052e+03
3.030000000000000071e+01 -2.029563079999999900e+03
3.032000000000000028e+01 -2.029563429999999926e+03
3.033999999999999986e+01 -2.029563879999999926e+03
3.035999999999999943e+01 -2.029563139999999976e+03
3.037999999999999901e+01 -2.029563910000000078e+03
3.039999999999999858e+01 -2.029564059999999927e+03
3.042000000000000171e+01 -2.029564319999999952e+03
3.044000000000000128e+01 -2.029564360000000079e+03
3.046000000000000085e+01 -2.029563930000000028e+03
3.048000000000000043e+01 -2.029564270000000079e+03
3.050000000000000000e+01 -2.029564890000000105e+03
3.051999999999999957e+01 -2.029563979999999901e+03
3.053999999999999915e+01 -2.029564419999999927e+03
3.055999999999999872e+01 -2.029564540000000079e+03
3.057999999999999829e+01 -2.029564380000000028e+03
3.060000000000000142e+01 -2.029564190000000053e+03
3.062000000000000099e+01 -2.029563830000000053e+03
3.064000000000000057e+01 -2.029563920000000053e+03
3.066000000000000014e+01 -2.029563480000000027e+03
3.067999999999999972e+01 -2.029563670000000002e+03
3.069999999999999929e+01 -2.029563760000000002e+03
3.071999999999999886e+01 -2.029564319999999952e+03
3.073999999999999844e+01 -2.029564720000000079e+03
3.076000000000000156e+01 -2.029564939999999979e+03
3.078000000000000114e+01 -2.029564470000000028e+03
3.080000000000000071e+01 -2.029564059999999927e+03
3.082000000000000028e+01 -2.029563630000000103e+03
3.083999999999999986e+01 -2.029564440000000104e+03
3.085999999999999943e+01 -2.029564609999999902e+03
3.087999999999999901e+01 -2.029564499999999953e+03
3.089999999999999858e+01 -2.029564059999999927e+03
3.092000000000000171e+01 -2.029564370000000054e+03
3.094000000000000128e+01 -2.029563959999999952e+03
3.096000000000000085e+01 -2.029564239999999927e+03
3.098000000000000043e+01 -2.029563940000000002e+03
3.100000000000000000e+01 -2.029563619999999901e+03
3.101999999999999957e+01 -2.029562940000000026e+03
3.103999999999999915e+01 -2.029563310000000001e+03
3.105999999999999872e+01 -2.029563789999999926e+03
3.107999999999999829e+01 -2.029563689999999951e+03
3.110000000000000142e+01 -2.029563419999999951e+03
3.112000000000000099e+01 -2.029563630000000103e+03
3.114000000000000057e+01 -2.029563570000000027e+03
3.116000000000000014e+01 -2.029563930000000028e+03
3.117999999999999972e+01 -2.029563360000000102e+03
3.119999999999999929e+01 -2.029562830000000076e+03
3.121999999999999886e+01 -2.029563570000000027e+03
3.123999999999999844e+01 -2.029563630000000103e+03
3.126000000000000156e+01 -2.029563789999999926e+03
3.128000000000000114e+01 -2.029563949999999977e+03
3.130000000000000071e+01 -2.029563949999999977e+03
3.132000000000000028e+01 -2.029564149999999927e+03
3.133999999999999986e+01 -2.029563400000000001e+03
3.135999999999999943e+01 -2.029563349999999900e+03
3.137999999999999901e+01 -2.029563889999999901e+03
3.139999999999999858e+01 -2.029563149999999951e+03
3.142000000000000171e+01 -2.029563609999999926e+03
3.144000000000000128e+01 -2.029563550000000077e+03
3.146000000000000085e+01 -2.029563360000000102e+03
3.148000000000000043e+01 -2.029563259999999900e+03
3.150000000000000000e+01 -2.029563190000000077e+03
3.151999999999999957e+01 -2.029563210000000026e+03
3.153999999999999915e+01 -2.029562570000000051e+03
3.155999999999999872e+01 -2.029562860000000001e+03
3.157999999999999829e+01 -2.029563630000000103e+03
3.160000000000000142e+01 -2.029563689999999951e+03
3.162000000000000099e+01 -2.029563220000000001e+03
3.164000000000000057e+01 -2.029563779999999952e+03
3.166000000000000014e+01 -2.029563059999999950e+03
3.167999999999999972e+01 -2.029563139999999976e+03
3.169999999999999929e+01 -2.029563159999999925e+03
3.171999999999999886e+01 -2.029563270000000102e+03
3.173999999999999844e+01 -2.029562879999999950e+03
3.176000000000000156e+01 -2.029562139999999999e+03
3.178000000000000114e+01 -2.029562799999999925e+03
3.180000000000000071e+01 -2.029563310000000001e+03
3.182000000000000028e+01 -2.029563110000000052e+03
3.183999999999999986e+01 -2.029562650000000076e+03
3.185999999999999943e+01 -2.029563750000000027e+03
3.187999999999999901e+01 -2.029563390000000027e+03
3.189999999999999858e+01 -2.029563180000000102e+03
3.192000000000000171e+01 -2.029563190000000077e+03
3.194000000000000128e+01 -2.029562509999999975e+03
3.196000000000000085e+01 -2.029563239999999951e+03
3.198000000000000043e+01 -2.029563270000000102e+03
3.200000000000000000e+01 -2.029563400000000001e+03
3.202000000000000313e+01 -2.029563519999999926e+03
3.203999999999999915e+01 -2.029563190000000077e+03
3.206000000000000227e+01 -2.029562989999999900e+03
3.207999999999999829e+01 -2.029562809999999899e+03
3.210000000000000142e+01 -2.029562689999999975e+03
3.211999999999999744e+01 -2.029562460000000101e+03
3.214000000000000057e+01 -2.029562030000000050e+03
3.215999999999999659e+01 -2.029562149999999974e+03
3.217999999999999972e+01 -2.029561220000000048e+03
3.220000000000000284e+01 -2.029562190000000101e+03
3.221999999999999886e+01 -2.029561580000000049e+03
3.224000000000000199e+01 -2.029561419999999998e+03
3.225999999999999801e+01 -2.029561920000000100e+03
3.228000000000000114e+01 -2.029562220000000025e+03
3.229999999999999716e+01 -2.029562110000000075e+03
3.232000000000000028e+01 -2.029562500000000000e+03
3.234000000000000341e+01 -2.029562560000000076e+03
3.235999999999999943e+01 -2.029562020000000075e+03
3.238000000000000256e+01 -2.029561339999999973e+03
3.239999999999999858e+01 -2.029561560000000100e+03
3.242000000000000171e+01 -2.029561230000000023e+03
3.243999999999999773e+01 -2.029560989999999947e+03
3.246000000000000085e+01 -2.029561030000000073e+03
3.247999999999999687e+01 -2.029561429999999973e+03
3.250000000000000000e+01 -2.029561480000000074e+03
3.252000000000000313e+01 -2.029561349999999948e+03
3.253999999999999915e+01 -2.029560909999999922e+03
3.256000000000000227e+01 -2.029560739999999896e+03
3.257999999999999829e+01 -2.029560789999999997e+03
3.260000000000000142e+01 -2.029561020000000099e+03
3.261999999999999744e+01 -2.029561549999999897e+03
3.264000000000000057e+01 -2.029561339999999973e+03
3.265999999999999659e+01 -2.029561200000000099e+03
3.267999999999999972e+01 -2.029560519999999997e+03
3.270000000000000284e+01 -2.029560809999999947e+03
3.271999999999999886e+01 -2.029560580000000073e+03
3.274000000000000199e+01 -2.029561020000000099e+03
3.275999999999999801e+01 -2.029561030000000073e+03
3.278000000000000114e+01 -2.029561400000000049e+03
3.279999999999999716e+01 -2.029560629999999946e+03
3.282000000000000028e+01 -2.029560050000000047e+03
3.284000000000000341e+01 -2.029560690000000022e+03
3.285999999999999943e+01 -2.029560230000000047e+03
3.288000000000000256e+01 -2.029560420000000022e+03
3.289999999999999858e+01 -2.029561059999999998e+03
3.292000000000000171e+01 -2.029560529999999972e+03
3.293999999999999773e+01 -2.029560629999999946e+03
3.296000000000000085e+01 -2.029561009999999897e+03
3.297999999999999687e+01 -2.029560690000000022e+03
3.300000000000000000e+01 -2.029560879999999997e+03
3.302000000000000313e+01 -2.029560739999999896e+03
3.303999999999999915e+01 -2.029556360000000041e+03
3.306000000000000227e+01 -2.029556070000000091e+03
3.307999999999999829e+01 -2.029556010000000015e+03
3.310000000000000142e+01 -2.029556959999999890e+03
3.311999999999999744e+01 -2.029556669999999940e+03
3.314000000000000057e+01 -2.029557450000000017e+03
3.315999999999999659e+01 -2.029557299999999941e+03
3.317999999999999972e+01 -2.029556689999999890e+03
3.320000000000000284e+01 -2.029556199999999990e+03
3.321999999999999886e+01 -2.029556630000000041e+03
3.324000000000000199e+01 -2.029557090000000017e+03
3.325999999999999801e+01 -2.029557039999999915e+03
3.328000000000000114e+01 -2.029557199999999966e+03
3.329999999999999716e+01 -2.029556630000000041e+03
3.332000000000000028e+01 -2.029556360000000041e+03
3.334000000000000341e+01 -2.029556289999999990e+03
3.335999999999999943e+01 -2.029556309999999939e+03
3.338000000000000256e+01 -2.029556630000000041e+03
3.339999999999999858e+01 -2.029556209999999965e+03
3.342000000000000171e+01 -2.029556450000000041e+03
3.343999999999999773e+01 -2.029556340000000091e+03
3.346000000000000085e+01 -2.029555959999999914e+03
3.347999999999999687e+01 -2.029555800000000090e+03
3.350000000000000000e+01 -2.029555749999999989e+03
3.352000000000000313e+01 -2.029555389999999989e+03
3.353999999999999915e+01 -2.029556370000000015e+03
3.356000000000000227e+01 -2.029556180000000040e+03
3.357999999999999829e+01 -2.029556370000000015e+03
3.360000000000000142e+01 -2.029556229999999914e+03
3.361999999999999744e+01 -2.029555710000000090e+03
3.364000000000000057e+01 -2.029555879999999888e+03
3.365999999999999659e+01 -2.029555699999999888e+03
3.367999999999999972e+01 -2.029555890000000090e+03
3.370000000000000284e+01 -2.029555689999999913e+03
3.371999999999999886e+01 -2.029555239999999912e+03
3.374000000000000199e+01 -2.029555509999999913e+03
3.375999999999999801e+01 -2.029555329999999913e+03
3.378000000000000114e+01 -2.029555620000000090e+03
3.379999999999999716e+01 -2.029555830000000014e+03
3.382000000000000028e+01 -2.029555579999999964e+03
3.384000000000000341e+01 -2.029555290000000014e+03
3.385999999999999943e+01 -2.029555219999999963e+03
3.388000000000000256e+01 -2.029555599999999913e+03
3.389999999999999858e+01 -2.029555470000000014e+03
3.392000000000000171e+01 -2.029555720000000065e+03
3.393999999999999773e+01 -2.029555959999999914e+03
3.396000000000000085e+01 -2.029555360000000064e+03
3.397999999999999687e+01 -2.029555329999999913e+03
3.400000000000000000e+01 -2.029555270000000064e+03
3.402000000000000313e+01 -2.029554820000000063e+03
3.403999999999999915e+01 -2.029554589999999962e+03
3.406000000000000227e+01 -2.029554969999999912e+03
3.407999999999999829e+01 -2.029554889999999887e+03
3.410000000000000142e+01 -2.029555309999999963e+03
3.411999999999999744e+01 -2.029555149999999912e+03
3.414000000000000057e+01 -2.029555080000000089e+03
3.415999999999999659e+01 -2.029554990000000089e+03
3.417999999999999972e+01 -2.029554660000000013e+03
3.420000000000000284e+01 -2.029554959999999937e+03
3.421999999999999886e+01 -2.029555170000000089e+03
3.424000000000000199e+01 -2.029555059999999912e+03
3.425999999999999801e+01 -2.029554509999999937e+03
